         0          1   0.295659   0.456384
      0.01    0.99257   0.363791   0.532436
      0.02    0.99257   0.365039   0.533772
      0.03    0.99257   0.371123   0.540247
      0.04   0.991592   0.397561   0.567567
      0.05   0.989246   0.428097   0.597587
      0.06   0.979352   0.483908   0.647754
      0.07    0.97638   0.516701   0.675779
      0.08   0.948303   0.552833   0.698475
      0.09   0.912795   0.570668    0.70228
       0.1   0.826725   0.590935   0.689221
      0.11   0.729079   0.605355   0.661482
      0.12   0.645354   0.602948   0.623431
      0.13   0.513139   0.600618   0.553443
      0.14   0.430432   0.612285     0.5055
      0.15   0.316948   0.623843    0.42034
      0.16   0.243117   0.616194   0.348669
      0.17   0.130533   0.643357   0.217032
      0.18  0.0839199   0.658754   0.148874
      0.19  0.0327311   0.776596  0.0628148
       0.2  0.0139215   0.962963  0.0274462
      0.21 0.00187705          1 0.00374707
      0.22          0          0          0
      0.23          0          0          0
      0.24          0          0          0
      0.25          0          0          0
      0.26          0          0          0
      0.27          0          0          0
      0.28          0          0          0
      0.29          0          0          0
       0.3          0          0          0
      0.31          0          0          0
      0.32          0          0          0
      0.33          0          0          0
      0.34          0          0          0
      0.35          0          0          0
      0.36          0          0          0
      0.37          0          0          0
      0.38          0          0          0
      0.39          0          0          0
       0.4          0          0          0
      0.41          0          0          0
      0.42          0          0          0
      0.43          0          0          0
      0.44          0          0          0
      0.45          0          0          0
      0.46          0          0          0
      0.47          0          0          0
      0.48          0          0          0
      0.49          0          0          0
       0.5          0          0          0
      0.51          0          0          0
      0.52          0          0          0
      0.53          0          0          0
      0.54          0          0          0
      0.55          0          0          0
      0.56          0          0          0
      0.57          0          0          0
      0.58          0          0          0
      0.59          0          0          0
       0.6          0          0          0
      0.61          0          0          0
      0.62          0          0          0
      0.63          0          0          0
      0.64          0          0          0
      0.65          0          0          0
      0.66          0          0          0
      0.67          0          0          0
      0.68          0          0          0
      0.69          0          0          0
       0.7          0          0          0
      0.71          0          0          0
      0.72          0          0          0
      0.73          0          0          0
      0.74          0          0          0
      0.75          0          0          0
      0.76          0          0          0
      0.77          0          0          0
      0.78          0          0          0
      0.79          0          0          0
       0.8          0          0          0
      0.81          0          0          0
      0.82          0          0          0
      0.83          0          0          0
      0.84          0          0          0
      0.85          0          0          0
      0.86          0          0          0
      0.87          0          0          0
      0.88          0          0          0
      0.89          0          0          0
       0.9          0          0          0
      0.91          0          0          0
      0.92          0          0          0
      0.93          0          0          0
      0.94          0          0          0
      0.95          0          0          0
      0.96          0          0          0
      0.97          0          0          0
      0.98          0          0          0
      0.99          0          0          0
