         0          1   0.337394   0.504555
      0.01   0.901887   0.385468   0.540097
      0.02   0.901887   0.389208   0.543758
      0.03   0.901801   0.397826   0.552097
      0.04    0.89718   0.421774   0.573799
      0.05   0.878995   0.445539   0.591342
      0.06   0.836122   0.498281   0.624435
      0.07   0.782808   0.540538   0.639496
      0.08   0.672115   0.605878    0.63728
      0.09   0.577853   0.652406   0.612871
       0.1   0.443284   0.701808   0.543363
      0.11   0.299003   0.726442   0.423637
      0.12   0.219717   0.721398   0.336841
      0.13   0.125626   0.724696   0.214132
      0.14  0.0780027   0.752542   0.141354
      0.15  0.0478799   0.778443  0.0902111
      0.16  0.0382953   0.813008  0.0731453
      0.17  0.0242608   0.904762  0.0472546
      0.18   0.023833          1  0.0465563
      0.19  0.0206239          1  0.0404142
       0.2  0.0151898          1   0.029925
      0.21          0          0          0
      0.22          0          0          0
      0.23          0          0          0
      0.24          0          0          0
      0.25          0          0          0
      0.26          0          0          0
      0.27          0          0          0
      0.28          0          0          0
      0.29          0          0          0
       0.3          0          0          0
      0.31          0          0          0
      0.32          0          0          0
      0.33          0          0          0
      0.34          0          0          0
      0.35          0          0          0
      0.36          0          0          0
      0.37          0          0          0
      0.38          0          0          0
      0.39          0          0          0
       0.4          0          0          0
      0.41          0          0          0
      0.42          0          0          0
      0.43          0          0          0
      0.44          0          0          0
      0.45          0          0          0
      0.46          0          0          0
      0.47          0          0          0
      0.48          0          0          0
      0.49          0          0          0
       0.5          0          0          0
      0.51          0          0          0
      0.52          0          0          0
      0.53          0          0          0
      0.54          0          0          0
      0.55          0          0          0
      0.56          0          0          0
      0.57          0          0          0
      0.58          0          0          0
      0.59          0          0          0
       0.6          0          0          0
      0.61          0          0          0
      0.62          0          0          0
      0.63          0          0          0
      0.64          0          0          0
      0.65          0          0          0
      0.66          0          0          0
      0.67          0          0          0
      0.68          0          0          0
      0.69          0          0          0
       0.7          0          0          0
      0.71          0          0          0
      0.72          0          0          0
      0.73          0          0          0
      0.74          0          0          0
      0.75          0          0          0
      0.76          0          0          0
      0.77          0          0          0
      0.78          0          0          0
      0.79          0          0          0
       0.8          0          0          0
      0.81          0          0          0
      0.82          0          0          0
      0.83          0          0          0
      0.84          0          0          0
      0.85          0          0          0
      0.86          0          0          0
      0.87          0          0          0
      0.88          0          0          0
      0.89          0          0          0
       0.9          0          0          0
      0.91          0          0          0
      0.92          0          0          0
      0.93          0          0          0
      0.94          0          0          0
      0.95          0          0          0
      0.96          0          0          0
      0.97          0          0          0
      0.98          0          0          0
      0.99          0          0          0
