         0          1   0.223995   0.366006
      0.01   0.953311   0.270067   0.420897
      0.02   0.953311   0.272094   0.423355
      0.03   0.953182   0.277698   0.430094
      0.04   0.949184   0.299145   0.454918
      0.05   0.945057   0.322429   0.480816
      0.06   0.927259   0.367826   0.526714
      0.07   0.897014   0.398631   0.551968
      0.08   0.811504   0.442502   0.572712
      0.09   0.756755   0.464073    0.57533
       0.1    0.65364   0.489692   0.559911
      0.11   0.554975   0.522278    0.53813
      0.12    0.49397   0.543661   0.517626
      0.13   0.406139   0.584975   0.479423
      0.14   0.332302   0.605598   0.429132
      0.15   0.228993   0.612273   0.333322
      0.16   0.169988   0.581028   0.263024
      0.17   0.096666   0.449123   0.159091
      0.18  0.0623589   0.365591   0.106545
      0.19  0.0257303   0.254902  0.0467424
       0.2 0.00935062   0.157143  0.0176509
      0.21 0.00535242   0.119048  0.0102443
      0.22  0.0034823  0.0666667 0.00661886
      0.23          0          0          0
      0.24          0          0          0
      0.25          0          0          0
      0.26          0          0          0
      0.27          0          0          0
      0.28          0          0          0
      0.29          0          0          0
       0.3          0          0          0
      0.31          0          0          0
      0.32          0          0          0
      0.33          0          0          0
      0.34          0          0          0
      0.35          0          0          0
      0.36          0          0          0
      0.37          0          0          0
      0.38          0          0          0
      0.39          0          0          0
       0.4          0          0          0
      0.41          0          0          0
      0.42          0          0          0
      0.43          0          0          0
      0.44          0          0          0
      0.45          0          0          0
      0.46          0          0          0
      0.47          0          0          0
      0.48          0          0          0
      0.49          0          0          0
       0.5          0          0          0
      0.51          0          0          0
      0.52          0          0          0
      0.53          0          0          0
      0.54          0          0          0
      0.55          0          0          0
      0.56          0          0          0
      0.57          0          0          0
      0.58          0          0          0
      0.59          0          0          0
       0.6          0          0          0
      0.61          0          0          0
      0.62          0          0          0
      0.63          0          0          0
      0.64          0          0          0
      0.65          0          0          0
      0.66          0          0          0
      0.67          0          0          0
      0.68          0          0          0
      0.69          0          0          0
       0.7          0          0          0
      0.71          0          0          0
      0.72          0          0          0
      0.73          0          0          0
      0.74          0          0          0
      0.75          0          0          0
      0.76          0          0          0
      0.77          0          0          0
      0.78          0          0          0
      0.79          0          0          0
       0.8          0          0          0
      0.81          0          0          0
      0.82          0          0          0
      0.83          0          0          0
      0.84          0          0          0
      0.85          0          0          0
      0.86          0          0          0
      0.87          0          0          0
      0.88          0          0          0
      0.89          0          0          0
       0.9          0          0          0
      0.91          0          0          0
      0.92          0          0          0
      0.93          0          0          0
      0.94          0          0          0
      0.95          0          0          0
      0.96          0          0          0
      0.97          0          0          0
      0.98          0          0          0
      0.99          0          0          0
