         0          1   0.193017   0.323578
      0.01   0.936594   0.260763   0.407947
      0.02   0.936594   0.269993   0.419155
      0.03   0.936472   0.300951   0.455515
      0.04   0.906498   0.383483   0.538964
      0.05    0.85814   0.453342   0.593269
      0.06   0.780839   0.601475    0.67952
      0.07   0.736302   0.707571   0.721651
      0.08   0.670651   0.837269   0.744755
      0.09   0.619987   0.915912   0.739441
       0.1   0.562951   0.960678   0.709904
      0.11   0.494023   0.964844    0.65346
      0.12   0.439112   0.966435   0.603855
      0.13   0.371397   0.972303   0.537487
      0.14   0.313513   0.972222   0.474132
      0.15   0.245495   0.980263   0.392654
      0.16    0.21813   0.989924   0.357488
      0.17   0.155937   0.992424   0.269525
      0.18   0.117287   0.988506   0.209693
      0.19  0.0676537   0.983333   0.126597
       0.2  0.0199624          1  0.0391434
      0.21          0          0          0
      0.22          0          0          0
      0.23          0          0          0
      0.24          0          0          0
      0.25          0          0          0
      0.26          0          0          0
      0.27          0          0          0
      0.28          0          0          0
      0.29          0          0          0
       0.3          0          0          0
      0.31          0          0          0
      0.32          0          0          0
      0.33          0          0          0
      0.34          0          0          0
      0.35          0          0          0
      0.36          0          0          0
      0.37          0          0          0
      0.38          0          0          0
      0.39          0          0          0
       0.4          0          0          0
      0.41          0          0          0
      0.42          0          0          0
      0.43          0          0          0
      0.44          0          0          0
      0.45          0          0          0
      0.46          0          0          0
      0.47          0          0          0
      0.48          0          0          0
      0.49          0          0          0
       0.5          0          0          0
      0.51          0          0          0
      0.52          0          0          0
      0.53          0          0          0
      0.54          0          0          0
      0.55          0          0          0
      0.56          0          0          0
      0.57          0          0          0
      0.58          0          0          0
      0.59          0          0          0
       0.6          0          0          0
      0.61          0          0          0
      0.62          0          0          0
      0.63          0          0          0
      0.64          0          0          0
      0.65          0          0          0
      0.66          0          0          0
      0.67          0          0          0
      0.68          0          0          0
      0.69          0          0          0
       0.7          0          0          0
      0.71          0          0          0
      0.72          0          0          0
      0.73          0          0          0
      0.74          0          0          0
      0.75          0          0          0
      0.76          0          0          0
      0.77          0          0          0
      0.78          0          0          0
      0.79          0          0          0
       0.8          0          0          0
      0.81          0          0          0
      0.82          0          0          0
      0.83          0          0          0
      0.84          0          0          0
      0.85          0          0          0
      0.86          0          0          0
      0.87          0          0          0
      0.88          0          0          0
      0.89          0          0          0
       0.9          0          0          0
      0.91          0          0          0
      0.92          0          0          0
      0.93          0          0          0
      0.94          0          0          0
      0.95          0          0          0
      0.96          0          0          0
      0.97          0          0          0
      0.98          0          0          0
      0.99          0          0          0
