         0          1   0.282356    0.44037
      0.01   0.891836   0.343504   0.495976
      0.02   0.891836   0.345226   0.497768
      0.03    0.89161   0.351081    0.50379
      0.04    0.89161   0.370029   0.523004
      0.05   0.889414   0.389945   0.542182
      0.06   0.880968   0.424495   0.572926
      0.07   0.862387   0.450706   0.592012
      0.08   0.803716     0.4951   0.612742
      0.09   0.729617   0.514804    0.60367
       0.1   0.605462   0.550932   0.576911
      0.11   0.446171   0.577931   0.503575
      0.12   0.339583   0.585163   0.429765
      0.13    0.22348   0.590177   0.324197
      0.14   0.168806    0.59276   0.262779
      0.15   0.118975   0.658802   0.201552
      0.16   0.101971    0.74813   0.179478
      0.17  0.0845721   0.906383   0.154709
      0.18  0.0615991   0.987261   0.115963
      0.19   0.036205          1  0.0698799
       0.2  0.0222973          1  0.0436219
      0.21 0.00405405          1 0.00807537
      0.22          0          0          0
      0.23          0          0          0
      0.24          0          0          0
      0.25          0          0          0
      0.26          0          0          0
      0.27          0          0          0
      0.28          0          0          0
      0.29          0          0          0
       0.3          0          0          0
      0.31          0          0          0
      0.32          0          0          0
      0.33          0          0          0
      0.34          0          0          0
      0.35          0          0          0
      0.36          0          0          0
      0.37          0          0          0
      0.38          0          0          0
      0.39          0          0          0
       0.4          0          0          0
      0.41          0          0          0
      0.42          0          0          0
      0.43          0          0          0
      0.44          0          0          0
      0.45          0          0          0
      0.46          0          0          0
      0.47          0          0          0
      0.48          0          0          0
      0.49          0          0          0
       0.5          0          0          0
      0.51          0          0          0
      0.52          0          0          0
      0.53          0          0          0
      0.54          0          0          0
      0.55          0          0          0
      0.56          0          0          0
      0.57          0          0          0
      0.58          0          0          0
      0.59          0          0          0
       0.6          0          0          0
      0.61          0          0          0
      0.62          0          0          0
      0.63          0          0          0
      0.64          0          0          0
      0.65          0          0          0
      0.66          0          0          0
      0.67          0          0          0
      0.68          0          0          0
      0.69          0          0          0
       0.7          0          0          0
      0.71          0          0          0
      0.72          0          0          0
      0.73          0          0          0
      0.74          0          0          0
      0.75          0          0          0
      0.76          0          0          0
      0.77          0          0          0
      0.78          0          0          0
      0.79          0          0          0
       0.8          0          0          0
      0.81          0          0          0
      0.82          0          0          0
      0.83          0          0          0
      0.84          0          0          0
      0.85          0          0          0
      0.86          0          0          0
      0.87          0          0          0
      0.88          0          0          0
      0.89          0          0          0
       0.9          0          0          0
      0.91          0          0          0
      0.92          0          0          0
      0.93          0          0          0
      0.94          0          0          0
      0.95          0          0          0
      0.96          0          0          0
      0.97          0          0          0
      0.98          0          0          0
      0.99          0          0          0
