         0          1   0.150167   0.261123
      0.01   0.863839   0.166429   0.279088
      0.02   0.863839   0.166543   0.279249
      0.03   0.863839   0.168327   0.281752
      0.04    0.86289   0.177308    0.29417
      0.05   0.862036   0.185099   0.304759
      0.06   0.844672   0.198091    0.32092
      0.07   0.817155   0.206248   0.329366
      0.08   0.736218   0.223196   0.342544
      0.09   0.685359   0.232991    0.34776
       0.1   0.556599   0.240675   0.336043
      0.11   0.453174    0.26951   0.338004
      0.12   0.397571   0.283853   0.331223
      0.13   0.295284   0.306694   0.300881
      0.14   0.220704   0.306758   0.256711
      0.15   0.133789   0.316384   0.188055
      0.16   0.102192   0.347826   0.157971
      0.17  0.0551286   0.481283  0.0989257
      0.18  0.0443116   0.654867  0.0830066
      0.19  0.0287504          1  0.0558937
       0.2   0.015751          1  0.0310135
      0.21          0          0          0
      0.22          0          0          0
      0.23          0          0          0
      0.24          0          0          0
      0.25          0          0          0
      0.26          0          0          0
      0.27          0          0          0
      0.28          0          0          0
      0.29          0          0          0
       0.3          0          0          0
      0.31          0          0          0
      0.32          0          0          0
      0.33          0          0          0
      0.34          0          0          0
      0.35          0          0          0
      0.36          0          0          0
      0.37          0          0          0
      0.38          0          0          0
      0.39          0          0          0
       0.4          0          0          0
      0.41          0          0          0
      0.42          0          0          0
      0.43          0          0          0
      0.44          0          0          0
      0.45          0          0          0
      0.46          0          0          0
      0.47          0          0          0
      0.48          0          0          0
      0.49          0          0          0
       0.5          0          0          0
      0.51          0          0          0
      0.52          0          0          0
      0.53          0          0          0
      0.54          0          0          0
      0.55          0          0          0
      0.56          0          0          0
      0.57          0          0          0
      0.58          0          0          0
      0.59          0          0          0
       0.6          0          0          0
      0.61          0          0          0
      0.62          0          0          0
      0.63          0          0          0
      0.64          0          0          0
      0.65          0          0          0
      0.66          0          0          0
      0.67          0          0          0
      0.68          0          0          0
      0.69          0          0          0
       0.7          0          0          0
      0.71          0          0          0
      0.72          0          0          0
      0.73          0          0          0
      0.74          0          0          0
      0.75          0          0          0
      0.76          0          0          0
      0.77          0          0          0
      0.78          0          0          0
      0.79          0          0          0
       0.8          0          0          0
      0.81          0          0          0
      0.82          0          0          0
      0.83          0          0          0
      0.84          0          0          0
      0.85          0          0          0
      0.86          0          0          0
      0.87          0          0          0
      0.88          0          0          0
      0.89          0          0          0
       0.9          0          0          0
      0.91          0          0          0
      0.92          0          0          0
      0.93          0          0          0
      0.94          0          0          0
      0.95          0          0          0
      0.96          0          0          0
      0.97          0          0          0
      0.98          0          0          0
      0.99          0          0          0
