         0          1   0.418411   0.589971
      0.01   0.978448   0.544783   0.699883
      0.02   0.978448   0.554134   0.707553
      0.03   0.978448   0.556321   0.709333
      0.04   0.978448   0.567104   0.718037
      0.05   0.978132    0.57541   0.724572
      0.06   0.975979   0.587392   0.733393
      0.07   0.974365    0.59589   0.739516
      0.08   0.962213    0.60288   0.741297
      0.09   0.941927   0.609386   0.740014
       0.1   0.892525   0.623171   0.733914
      0.11   0.819609   0.669054   0.736719
      0.12   0.773657   0.731559   0.752019
      0.13   0.675138    0.82646   0.743174
      0.14   0.608646   0.855327   0.711204
      0.15   0.522628   0.903823   0.662291
      0.16   0.452244   0.936614   0.609966
      0.17   0.381258   0.958633   0.545547
      0.18   0.326097   0.969867   0.488085
      0.19   0.253117   0.979227   0.402257
       0.2   0.210583   0.985628   0.347023
      0.21   0.142541   0.994521   0.249344
      0.22  0.0840876    0.99696   0.155094
      0.23  0.0584214          1   0.110393
      0.24  0.0256662          1  0.0500478
      0.25 0.00908285          1  0.0180022
      0.26          0          0          0
      0.27          0          0          0
      0.28          0          0          0
      0.29          0          0          0
       0.3          0          0          0
      0.31          0          0          0
      0.32          0          0          0
      0.33          0          0          0
      0.34          0          0          0
      0.35          0          0          0
      0.36          0          0          0
      0.37          0          0          0
      0.38          0          0          0
      0.39          0          0          0
       0.4          0          0          0
      0.41          0          0          0
      0.42          0          0          0
      0.43          0          0          0
      0.44          0          0          0
      0.45          0          0          0
      0.46          0          0          0
      0.47          0          0          0
      0.48          0          0          0
      0.49          0          0          0
       0.5          0          0          0
      0.51          0          0          0
      0.52          0          0          0
      0.53          0          0          0
      0.54          0          0          0
      0.55          0          0          0
      0.56          0          0          0
      0.57          0          0          0
      0.58          0          0          0
      0.59          0          0          0
       0.6          0          0          0
      0.61          0          0          0
      0.62          0          0          0
      0.63          0          0          0
      0.64          0          0          0
      0.65          0          0          0
      0.66          0          0          0
      0.67          0          0          0
      0.68          0          0          0
      0.69          0          0          0
       0.7          0          0          0
      0.71          0          0          0
      0.72          0          0          0
      0.73          0          0          0
      0.74          0          0          0
      0.75          0          0          0
      0.76          0          0          0
      0.77          0          0          0
      0.78          0          0          0
      0.79          0          0          0
       0.8          0          0          0
      0.81          0          0          0
      0.82          0          0          0
      0.83          0          0          0
      0.84          0          0          0
      0.85          0          0          0
      0.86          0          0          0
      0.87          0          0          0
      0.88          0          0          0
      0.89          0          0          0
       0.9          0          0          0
      0.91          0          0          0
      0.92          0          0          0
      0.93          0          0          0
      0.94          0          0          0
      0.95          0          0          0
      0.96          0          0          0
      0.97          0          0          0
      0.98          0          0          0
      0.99          0          0          0
