         0          1   0.176689   0.300316
      0.01   0.890606    0.16556   0.279215
      0.02   0.890441   0.165996   0.279827
      0.03   0.890359   0.168636   0.283564
      0.04   0.887811   0.176371    0.29428
      0.05   0.883209   0.184666   0.305464
      0.06   0.851073   0.200352   0.324349
      0.07   0.834306   0.210949   0.336753
      0.08   0.771595    0.21879   0.340913
      0.09   0.720062   0.221058   0.338269
       0.1   0.644119   0.233934   0.343216
      0.11   0.539081   0.247152    0.33892
      0.12   0.445056    0.25118   0.321124
      0.13    0.36525   0.271348   0.311373
      0.14    0.32695   0.288523   0.306537
      0.15   0.271636   0.307842   0.288608
      0.16   0.235966   0.304922   0.266049
      0.17   0.187803   0.322496   0.237373
      0.18    0.16405   0.323598   0.217724
      0.19    0.13512   0.367906   0.197649
       0.2   0.103148   0.385321   0.162733
      0.21  0.0561354   0.431953  0.0993585
      0.22  0.0373962   0.568966  0.0701798
      0.23  0.0118353   0.857143  0.0233482
      0.24          0          0          0
      0.25          0          0          0
      0.26          0          0          0
      0.27          0          0          0
      0.28          0          0          0
      0.29          0          0          0
       0.3          0          0          0
      0.31          0          0          0
      0.32          0          0          0
      0.33          0          0          0
      0.34          0          0          0
      0.35          0          0          0
      0.36          0          0          0
      0.37          0          0          0
      0.38          0          0          0
      0.39          0          0          0
       0.4          0          0          0
      0.41          0          0          0
      0.42          0          0          0
      0.43          0          0          0
      0.44          0          0          0
      0.45          0          0          0
      0.46          0          0          0
      0.47          0          0          0
      0.48          0          0          0
      0.49          0          0          0
       0.5          0          0          0
      0.51          0          0          0
      0.52          0          0          0
      0.53          0          0          0
      0.54          0          0          0
      0.55          0          0          0
      0.56          0          0          0
      0.57          0          0          0
      0.58          0          0          0
      0.59          0          0          0
       0.6          0          0          0
      0.61          0          0          0
      0.62          0          0          0
      0.63          0          0          0
      0.64          0          0          0
      0.65          0          0          0
      0.66          0          0          0
      0.67          0          0          0
      0.68          0          0          0
      0.69          0          0          0
       0.7          0          0          0
      0.71          0          0          0
      0.72          0          0          0
      0.73          0          0          0
      0.74          0          0          0
      0.75          0          0          0
      0.76          0          0          0
      0.77          0          0          0
      0.78          0          0          0
      0.79          0          0          0
       0.8          0          0          0
      0.81          0          0          0
      0.82          0          0          0
      0.83          0          0          0
      0.84          0          0          0
      0.85          0          0          0
      0.86          0          0          0
      0.87          0          0          0
      0.88          0          0          0
      0.89          0          0          0
       0.9          0          0          0
      0.91          0          0          0
      0.92          0          0          0
      0.93          0          0          0
      0.94          0          0          0
      0.95          0          0          0
      0.96          0          0          0
      0.97          0          0          0
      0.98          0          0          0
      0.99          0          0          0
