         0          1   0.263807   0.417479
      0.01   0.972162   0.455488   0.620331
      0.02   0.972162    0.46006   0.624559
      0.03   0.972049   0.473358   0.636675
      0.04   0.970803   0.507543   0.666589
      0.05   0.969405    0.53363   0.688345
      0.06    0.95966   0.579373   0.722533
      0.07   0.951313   0.613647   0.746051
      0.08   0.901719    0.67106   0.769476
      0.09   0.853824   0.707581   0.773854
       0.1   0.734013   0.758295   0.745957
      0.11   0.636563   0.820602    0.71696
      0.12   0.539566   0.849711    0.66002
      0.13   0.375788   0.912059    0.53227
      0.14   0.256619   0.943215   0.403468
      0.15   0.145949   0.956268   0.253247
      0.16   0.121398   0.960139   0.215542
      0.17   0.103041   0.984925   0.186563
      0.18  0.0824174          1   0.152284
      0.19  0.0424929          1  0.0815217
       0.2 0.00294618          1 0.00587504
      0.21          0          0          0
      0.22          0          0          0
      0.23          0          0          0
      0.24          0          0          0
      0.25          0          0          0
      0.26          0          0          0
      0.27          0          0          0
      0.28          0          0          0
      0.29          0          0          0
       0.3          0          0          0
      0.31          0          0          0
      0.32          0          0          0
      0.33          0          0          0
      0.34          0          0          0
      0.35          0          0          0
      0.36          0          0          0
      0.37          0          0          0
      0.38          0          0          0
      0.39          0          0          0
       0.4          0          0          0
      0.41          0          0          0
      0.42          0          0          0
      0.43          0          0          0
      0.44          0          0          0
      0.45          0          0          0
      0.46          0          0          0
      0.47          0          0          0
      0.48          0          0          0
      0.49          0          0          0
       0.5          0          0          0
      0.51          0          0          0
      0.52          0          0          0
      0.53          0          0          0
      0.54          0          0          0
      0.55          0          0          0
      0.56          0          0          0
      0.57          0          0          0
      0.58          0          0          0
      0.59          0          0          0
       0.6          0          0          0
      0.61          0          0          0
      0.62          0          0          0
      0.63          0          0          0
      0.64          0          0          0
      0.65          0          0          0
      0.66          0          0          0
      0.67          0          0          0
      0.68          0          0          0
      0.69          0          0          0
       0.7          0          0          0
      0.71          0          0          0
      0.72          0          0          0
      0.73          0          0          0
      0.74          0          0          0
      0.75          0          0          0
      0.76          0          0          0
      0.77          0          0          0
      0.78          0          0          0
      0.79          0          0          0
       0.8          0          0          0
      0.81          0          0          0
      0.82          0          0          0
      0.83          0          0          0
      0.84          0          0          0
      0.85          0          0          0
      0.86          0          0          0
      0.87          0          0          0
      0.88          0          0          0
      0.89          0          0          0
       0.9          0          0          0
      0.91          0          0          0
      0.92          0          0          0
      0.93          0          0          0
      0.94          0          0          0
      0.95          0          0          0
      0.96          0          0          0
      0.97          0          0          0
      0.98          0          0          0
      0.99          0          0          0
