         0          1   0.181029   0.306561
      0.01   0.791254   0.195949    0.31411
      0.02   0.790931   0.197418   0.315969
      0.03   0.790715   0.202217   0.322068
      0.04   0.784037    0.21801   0.341157
      0.05   0.768096   0.233748    0.35842
      0.06   0.728888   0.261857   0.385294
      0.07   0.682895   0.281809   0.398974
      0.08   0.591232   0.324925   0.419374
      0.09   0.543193   0.363159   0.435295
       0.1   0.486644   0.427699   0.455271
      0.11   0.421909   0.528736    0.46932
      0.12   0.402951   0.594828    0.48044
      0.13    0.35168   0.656163   0.457928
      0.14   0.292223   0.701068   0.412504
      0.15    0.21941   0.802708   0.344622
      0.16   0.180633   0.873711   0.299373
      0.17   0.101357       0.92   0.182597
      0.18  0.0644119   0.990741    0.12096
      0.19  0.0187419          1  0.0367942
       0.2 0.00829384          1  0.0164512
      0.21          0          0          0
      0.22          0          0          0
      0.23          0          0          0
      0.24          0          0          0
      0.25          0          0          0
      0.26          0          0          0
      0.27          0          0          0
      0.28          0          0          0
      0.29          0          0          0
       0.3          0          0          0
      0.31          0          0          0
      0.32          0          0          0
      0.33          0          0          0
      0.34          0          0          0
      0.35          0          0          0
      0.36          0          0          0
      0.37          0          0          0
      0.38          0          0          0
      0.39          0          0          0
       0.4          0          0          0
      0.41          0          0          0
      0.42          0          0          0
      0.43          0          0          0
      0.44          0          0          0
      0.45          0          0          0
      0.46          0          0          0
      0.47          0          0          0
      0.48          0          0          0
      0.49          0          0          0
       0.5          0          0          0
      0.51          0          0          0
      0.52          0          0          0
      0.53          0          0          0
      0.54          0          0          0
      0.55          0          0          0
      0.56          0          0          0
      0.57          0          0          0
      0.58          0          0          0
      0.59          0          0          0
       0.6          0          0          0
      0.61          0          0          0
      0.62          0          0          0
      0.63          0          0          0
      0.64          0          0          0
      0.65          0          0          0
      0.66          0          0          0
      0.67          0          0          0
      0.68          0          0          0
      0.69          0          0          0
       0.7          0          0          0
      0.71          0          0          0
      0.72          0          0          0
      0.73          0          0          0
      0.74          0          0          0
      0.75          0          0          0
      0.76          0          0          0
      0.77          0          0          0
      0.78          0          0          0
      0.79          0          0          0
       0.8          0          0          0
      0.81          0          0          0
      0.82          0          0          0
      0.83          0          0          0
      0.84          0          0          0
      0.85          0          0          0
      0.86          0          0          0
      0.87          0          0          0
      0.88          0          0          0
      0.89          0          0          0
       0.9          0          0          0
      0.91          0          0          0
      0.92          0          0          0
      0.93          0          0          0
      0.94          0          0          0
      0.95          0          0          0
      0.96          0          0          0
      0.97          0          0          0
      0.98          0          0          0
      0.99          0          0          0
