         0          1    0.32957   0.495755
      0.01   0.946175   0.435542   0.596503
      0.02   0.946175   0.436525   0.597424
      0.03   0.946175   0.443774   0.604178
      0.04   0.943835   0.473847   0.630936
      0.05   0.936516   0.514728   0.664328
      0.06   0.899285   0.611347   0.727875
      0.07   0.875372   0.674111   0.761671
      0.08   0.802357   0.740165   0.770007
      0.09   0.744788   0.771252   0.757789
       0.1   0.643009   0.806779   0.715644
      0.11   0.561229   0.836758   0.671841
      0.12   0.509403     0.8562   0.638767
      0.13   0.411539   0.873381    0.55946
      0.14   0.346779   0.900996   0.500806
      0.15   0.199345   0.925556   0.328037
      0.16   0.140967   0.961538   0.245885
      0.17   0.085865   0.992593   0.158057
      0.18  0.0578674          1   0.109404
      0.19  0.0156582          1  0.0308337
       0.2 0.00259552          1 0.00517761
      0.21          0          0          0
      0.22          0          0          0
      0.23          0          0          0
      0.24          0          0          0
      0.25          0          0          0
      0.26          0          0          0
      0.27          0          0          0
      0.28          0          0          0
      0.29          0          0          0
       0.3          0          0          0
      0.31          0          0          0
      0.32          0          0          0
      0.33          0          0          0
      0.34          0          0          0
      0.35          0          0          0
      0.36          0          0          0
      0.37          0          0          0
      0.38          0          0          0
      0.39          0          0          0
       0.4          0          0          0
      0.41          0          0          0
      0.42          0          0          0
      0.43          0          0          0
      0.44          0          0          0
      0.45          0          0          0
      0.46          0          0          0
      0.47          0          0          0
      0.48          0          0          0
      0.49          0          0          0
       0.5          0          0          0
      0.51          0          0          0
      0.52          0          0          0
      0.53          0          0          0
      0.54          0          0          0
      0.55          0          0          0
      0.56          0          0          0
      0.57          0          0          0
      0.58          0          0          0
      0.59          0          0          0
       0.6          0          0          0
      0.61          0          0          0
      0.62          0          0          0
      0.63          0          0          0
      0.64          0          0          0
      0.65          0          0          0
      0.66          0          0          0
      0.67          0          0          0
      0.68          0          0          0
      0.69          0          0          0
       0.7          0          0          0
      0.71          0          0          0
      0.72          0          0          0
      0.73          0          0          0
      0.74          0          0          0
      0.75          0          0          0
      0.76          0          0          0
      0.77          0          0          0
      0.78          0          0          0
      0.79          0          0          0
       0.8          0          0          0
      0.81          0          0          0
      0.82          0          0          0
      0.83          0          0          0
      0.84          0          0          0
      0.85          0          0          0
      0.86          0          0          0
      0.87          0          0          0
      0.88          0          0          0
      0.89          0          0          0
       0.9          0          0          0
      0.91          0          0          0
      0.92          0          0          0
      0.93          0          0          0
      0.94          0          0          0
      0.95          0          0          0
      0.96          0          0          0
      0.97          0          0          0
      0.98          0          0          0
      0.99          0          0          0
