         0          1   0.256164   0.407851
      0.01   0.978352    0.45791   0.623838
      0.02   0.978352   0.462249   0.627852
      0.03   0.978236   0.473766   0.638367
      0.04   0.977481   0.504351   0.665384
      0.05    0.97336   0.531409   0.687484
      0.06   0.957284   0.563328   0.709274
      0.07   0.933836   0.583288   0.718063
      0.08   0.893848   0.615125   0.728745
      0.09   0.859721   0.635686   0.730922
       0.1   0.781776   0.655816   0.713278
      0.11   0.724318   0.673722   0.698105
      0.12   0.652293   0.674963   0.663434
      0.13   0.553918   0.704545   0.620217
      0.14   0.523215    0.73065   0.609774
      0.15   0.419791   0.754563    0.53946
      0.16   0.350145   0.793169   0.485823
      0.17   0.233488   0.819599   0.363439
      0.18   0.160186   0.859038    0.27002
      0.19   0.104005   0.848571   0.185298
       0.2  0.0623331   0.816327   0.115822
      0.21  0.0218224   0.753247   0.042416
      0.22  0.0115496   0.958333  0.0228242
      0.23  0.0019733          1 0.00393883
      0.24          0          0          0
      0.25          0          0          0
      0.26          0          0          0
      0.27          0          0          0
      0.28          0          0          0
      0.29          0          0          0
       0.3          0          0          0
      0.31          0          0          0
      0.32          0          0          0
      0.33          0          0          0
      0.34          0          0          0
      0.35          0          0          0
      0.36          0          0          0
      0.37          0          0          0
      0.38          0          0          0
      0.39          0          0          0
       0.4          0          0          0
      0.41          0          0          0
      0.42          0          0          0
      0.43          0          0          0
      0.44          0          0          0
      0.45          0          0          0
      0.46          0          0          0
      0.47          0          0          0
      0.48          0          0          0
      0.49          0          0          0
       0.5          0          0          0
      0.51          0          0          0
      0.52          0          0          0
      0.53          0          0          0
      0.54          0          0          0
      0.55          0          0          0
      0.56          0          0          0
      0.57          0          0          0
      0.58          0          0          0
      0.59          0          0          0
       0.6          0          0          0
      0.61          0          0          0
      0.62          0          0          0
      0.63          0          0          0
      0.64          0          0          0
      0.65          0          0          0
      0.66          0          0          0
      0.67          0          0          0
      0.68          0          0          0
      0.69          0          0          0
       0.7          0          0          0
      0.71          0          0          0
      0.72          0          0          0
      0.73          0          0          0
      0.74          0          0          0
      0.75          0          0          0
      0.76          0          0          0
      0.77          0          0          0
      0.78          0          0          0
      0.79          0          0          0
       0.8          0          0          0
      0.81          0          0          0
      0.82          0          0          0
      0.83          0          0          0
      0.84          0          0          0
      0.85          0          0          0
      0.86          0          0          0
      0.87          0          0          0
      0.88          0          0          0
      0.89          0          0          0
       0.9          0          0          0
      0.91          0          0          0
      0.92          0          0          0
      0.93          0          0          0
      0.94          0          0          0
      0.95          0          0          0
      0.96          0          0          0
      0.97          0          0          0
      0.98          0          0          0
      0.99          0          0          0
