         0          1   0.382258   0.553092
      0.01   0.892838   0.537497   0.671028
      0.02   0.892838   0.537769   0.671241
      0.03   0.892838   0.539009   0.672205
      0.04   0.892731   0.544956   0.676781
      0.05   0.892373   0.552035   0.682108
      0.06   0.889617   0.563207   0.689744
      0.07   0.884463   0.575127   0.697015
      0.08   0.871792   0.593119    0.70595
      0.09   0.860267   0.608163   0.712574
       0.1   0.836537   0.633838   0.721216
      0.11   0.808511   0.661314   0.727542
      0.12   0.778267   0.677662   0.724489
      0.13   0.721536   0.707222   0.714307
      0.14   0.693654   0.728077   0.710449
      0.15   0.625398   0.746616   0.680652
      0.16   0.565876   0.765157   0.650598
      0.17   0.451412   0.789315   0.574351
      0.18   0.367909    0.80206   0.504432
      0.19   0.249866   0.825337   0.383599
       0.2     0.1805   0.850867   0.297822
      0.21  0.0817853   0.897361   0.149908
      0.22  0.0305308   0.938053  0.0591369
      0.23  0.0131358          1  0.0259309
      0.24 0.000393715          1 0.00078712
      0.25          0          0          0
      0.26          0          0          0
      0.27          0          0          0
      0.28          0          0          0
      0.29          0          0          0
       0.3          0          0          0
      0.31          0          0          0
      0.32          0          0          0
      0.33          0          0          0
      0.34          0          0          0
      0.35          0          0          0
      0.36          0          0          0
      0.37          0          0          0
      0.38          0          0          0
      0.39          0          0          0
       0.4          0          0          0
      0.41          0          0          0
      0.42          0          0          0
      0.43          0          0          0
      0.44          0          0          0
      0.45          0          0          0
      0.46          0          0          0
      0.47          0          0          0
      0.48          0          0          0
      0.49          0          0          0
       0.5          0          0          0
      0.51          0          0          0
      0.52          0          0          0
      0.53          0          0          0
      0.54          0          0          0
      0.55          0          0          0
      0.56          0          0          0
      0.57          0          0          0
      0.58          0          0          0
      0.59          0          0          0
       0.6          0          0          0
      0.61          0          0          0
      0.62          0          0          0
      0.63          0          0          0
      0.64          0          0          0
      0.65          0          0          0
      0.66          0          0          0
      0.67          0          0          0
      0.68          0          0          0
      0.69          0          0          0
       0.7          0          0          0
      0.71          0          0          0
      0.72          0          0          0
      0.73          0          0          0
      0.74          0          0          0
      0.75          0          0          0
      0.76          0          0          0
      0.77          0          0          0
      0.78          0          0          0
      0.79          0          0          0
       0.8          0          0          0
      0.81          0          0          0
      0.82          0          0          0
      0.83          0          0          0
      0.84          0          0          0
      0.85          0          0          0
      0.86          0          0          0
      0.87          0          0          0
      0.88          0          0          0
      0.89          0          0          0
       0.9          0          0          0
      0.91          0          0          0
      0.92          0          0          0
      0.93          0          0          0
      0.94          0          0          0
      0.95          0          0          0
      0.96          0          0          0
      0.97          0          0          0
      0.98          0          0          0
      0.99          0          0          0
