         0          1   0.173626   0.295879
      0.01   0.924719   0.536332   0.678904
      0.02   0.922972   0.552612   0.691314
      0.03   0.898137   0.600442    0.71972
      0.04    0.82499   0.704538   0.760021
      0.05    0.78182   0.751843   0.766538
      0.06   0.729433   0.799363   0.762799
      0.07     0.7143    0.82014   0.763569
      0.08   0.697225   0.849747   0.765968
      0.09   0.692957   0.861184   0.767966
       0.1   0.671129   0.883488   0.762805
      0.11   0.645324   0.906475   0.753925
      0.12   0.616705   0.918118   0.737816
      0.13   0.579453   0.929911   0.713996
      0.14   0.543849   0.932059   0.686899
      0.15   0.502716   0.942721   0.655748
      0.16   0.474777   0.957143   0.634713
      0.17   0.431607   0.976261    0.59858
      0.18   0.380772   0.992579     0.5504
      0.19   0.244179   0.996835    0.39227
       0.2   0.153279          1   0.265814
      0.21  0.0340512          1  0.0658598
      0.22          0          0          0
      0.23          0          0          0
      0.24          0          0          0
      0.25          0          0          0
      0.26          0          0          0
      0.27          0          0          0
      0.28          0          0          0
      0.29          0          0          0
       0.3          0          0          0
      0.31          0          0          0
      0.32          0          0          0
      0.33          0          0          0
      0.34          0          0          0
      0.35          0          0          0
      0.36          0          0          0
      0.37          0          0          0
      0.38          0          0          0
      0.39          0          0          0
       0.4          0          0          0
      0.41          0          0          0
      0.42          0          0          0
      0.43          0          0          0
      0.44          0          0          0
      0.45          0          0          0
      0.46          0          0          0
      0.47          0          0          0
      0.48          0          0          0
      0.49          0          0          0
       0.5          0          0          0
      0.51          0          0          0
      0.52          0          0          0
      0.53          0          0          0
      0.54          0          0          0
      0.55          0          0          0
      0.56          0          0          0
      0.57          0          0          0
      0.58          0          0          0
      0.59          0          0          0
       0.6          0          0          0
      0.61          0          0          0
      0.62          0          0          0
      0.63          0          0          0
      0.64          0          0          0
      0.65          0          0          0
      0.66          0          0          0
      0.67          0          0          0
      0.68          0          0          0
      0.69          0          0          0
       0.7          0          0          0
      0.71          0          0          0
      0.72          0          0          0
      0.73          0          0          0
      0.74          0          0          0
      0.75          0          0          0
      0.76          0          0          0
      0.77          0          0          0
      0.78          0          0          0
      0.79          0          0          0
       0.8          0          0          0
      0.81          0          0          0
      0.82          0          0          0
      0.83          0          0          0
      0.84          0          0          0
      0.85          0          0          0
      0.86          0          0          0
      0.87          0          0          0
      0.88          0          0          0
      0.89          0          0          0
       0.9          0          0          0
      0.91          0          0          0
      0.92          0          0          0
      0.93          0          0          0
      0.94          0          0          0
      0.95          0          0          0
      0.96          0          0          0
      0.97          0          0          0
      0.98          0          0          0
      0.99          0          0          0
