         0          1   0.339259   0.506637
      0.01   0.986007   0.777022   0.869128
      0.02   0.973483   0.796115    0.87591
      0.03   0.945574   0.824782   0.881057
      0.04   0.892114    0.83664   0.863487
      0.05   0.870352   0.841471   0.855668
      0.06   0.817085   0.854046   0.835157
      0.07   0.788133   0.860771   0.822852
      0.08   0.742752   0.873099   0.802668
      0.09   0.685968   0.884793   0.772797
       0.1   0.615346   0.896661   0.729834
      0.11   0.465829   0.900559   0.614037
      0.12   0.313104   0.887668   0.462923
      0.13   0.189602   0.895966   0.312973
      0.14   0.117704   0.894737    0.20804
      0.15  0.0782373   0.908297   0.144065
      0.16  0.0646695   0.920424   0.120848
      0.17  0.0520294   0.973384  0.0987788
      0.18   0.043448   0.990291  0.0832438
      0.19   0.028218          1  0.0548872
       0.2  0.0150367          1  0.0296279
      0.21          0          0          0
      0.22          0          0          0
      0.23          0          0          0
      0.24          0          0          0
      0.25          0          0          0
      0.26          0          0          0
      0.27          0          0          0
      0.28          0          0          0
      0.29          0          0          0
       0.3          0          0          0
      0.31          0          0          0
      0.32          0          0          0
      0.33          0          0          0
      0.34          0          0          0
      0.35          0          0          0
      0.36          0          0          0
      0.37          0          0          0
      0.38          0          0          0
      0.39          0          0          0
       0.4          0          0          0
      0.41          0          0          0
      0.42          0          0          0
      0.43          0          0          0
      0.44          0          0          0
      0.45          0          0          0
      0.46          0          0          0
      0.47          0          0          0
      0.48          0          0          0
      0.49          0          0          0
       0.5          0          0          0
      0.51          0          0          0
      0.52          0          0          0
      0.53          0          0          0
      0.54          0          0          0
      0.55          0          0          0
      0.56          0          0          0
      0.57          0          0          0
      0.58          0          0          0
      0.59          0          0          0
       0.6          0          0          0
      0.61          0          0          0
      0.62          0          0          0
      0.63          0          0          0
      0.64          0          0          0
      0.65          0          0          0
      0.66          0          0          0
      0.67          0          0          0
      0.68          0          0          0
      0.69          0          0          0
       0.7          0          0          0
      0.71          0          0          0
      0.72          0          0          0
      0.73          0          0          0
      0.74          0          0          0
      0.75          0          0          0
      0.76          0          0          0
      0.77          0          0          0
      0.78          0          0          0
      0.79          0          0          0
       0.8          0          0          0
      0.81          0          0          0
      0.82          0          0          0
      0.83          0          0          0
      0.84          0          0          0
      0.85          0          0          0
      0.86          0          0          0
      0.87          0          0          0
      0.88          0          0          0
      0.89          0          0          0
       0.9          0          0          0
      0.91          0          0          0
      0.92          0          0          0
      0.93          0          0          0
      0.94          0          0          0
      0.95          0          0          0
      0.96          0          0          0
      0.97          0          0          0
      0.98          0          0          0
      0.99          0          0          0
