         0          1   0.391539   0.562742
      0.01   0.878574   0.480118    0.62092
      0.02   0.877383   0.480835   0.621221
      0.03   0.876191   0.483205   0.622894
      0.04   0.855656   0.489352   0.622624
      0.05   0.831056   0.502628   0.626403
      0.06   0.767522   0.530825   0.627597
      0.07   0.716358   0.563752   0.630959
      0.08   0.608565   0.590749   0.599525
      0.09    0.54044    0.59585   0.566794
       0.1   0.427425   0.626743   0.508241
      0.11   0.341954   0.677061   0.454407
      0.12   0.293559   0.734648   0.419492
      0.13   0.234406    0.79622   0.362185
      0.14   0.193545   0.844495   0.314916
      0.15   0.137405   0.863787   0.237095
      0.16   0.114312   0.845098   0.201383
      0.17  0.0781119   0.807588   0.142446
      0.18  0.0594687    0.75265   0.110228
      0.19  0.0165055   0.523077  0.0320012
       0.2 0.00988225   0.417582  0.0193076
      0.21 0.00220774      0.375 0.00438963
      0.22 0.00157696   0.529412 0.00314454
      0.23 0.00112139   0.714286 0.00223927
      0.24          0          0          0
      0.25          0          0          0
      0.26          0          0          0
      0.27          0          0          0
      0.28          0          0          0
      0.29          0          0          0
       0.3          0          0          0
      0.31          0          0          0
      0.32          0          0          0
      0.33          0          0          0
      0.34          0          0          0
      0.35          0          0          0
      0.36          0          0          0
      0.37          0          0          0
      0.38          0          0          0
      0.39          0          0          0
       0.4          0          0          0
      0.41          0          0          0
      0.42          0          0          0
      0.43          0          0          0
      0.44          0          0          0
      0.45          0          0          0
      0.46          0          0          0
      0.47          0          0          0
      0.48          0          0          0
      0.49          0          0          0
       0.5          0          0          0
      0.51          0          0          0
      0.52          0          0          0
      0.53          0          0          0
      0.54          0          0          0
      0.55          0          0          0
      0.56          0          0          0
      0.57          0          0          0
      0.58          0          0          0
      0.59          0          0          0
       0.6          0          0          0
      0.61          0          0          0
      0.62          0          0          0
      0.63          0          0          0
      0.64          0          0          0
      0.65          0          0          0
      0.66          0          0          0
      0.67          0          0          0
      0.68          0          0          0
      0.69          0          0          0
       0.7          0          0          0
      0.71          0          0          0
      0.72          0          0          0
      0.73          0          0          0
      0.74          0          0          0
      0.75          0          0          0
      0.76          0          0          0
      0.77          0          0          0
      0.78          0          0          0
      0.79          0          0          0
       0.8          0          0          0
      0.81          0          0          0
      0.82          0          0          0
      0.83          0          0          0
      0.84          0          0          0
      0.85          0          0          0
      0.86          0          0          0
      0.87          0          0          0
      0.88          0          0          0
      0.89          0          0          0
       0.9          0          0          0
      0.91          0          0          0
      0.92          0          0          0
      0.93          0          0          0
      0.94          0          0          0
      0.95          0          0          0
      0.96          0          0          0
      0.97          0          0          0
      0.98          0          0          0
      0.99          0          0          0
