         0          1   0.216663    0.35616
      0.01   0.998007    0.69895   0.822127
      0.02   0.998007   0.700112    0.82293
      0.03   0.997871   0.702718   0.824681
      0.04   0.995426    0.70584   0.825986
      0.05    0.99298   0.710964   0.828634
      0.06   0.989583   0.730631   0.840616
      0.07   0.975996     0.7513   0.849033
      0.08   0.959601   0.794515    0.86929
      0.09   0.942029   0.835726   0.885699
       0.1   0.901993   0.887089   0.894479
      0.11   0.861821    0.95218    0.90475
      0.12   0.839583   0.975691   0.902535
      0.13   0.794611   0.991864   0.882348
      0.14   0.758922   0.995034   0.861086
      0.15   0.625091    0.99856   0.768873
      0.16   0.556205   0.999424   0.714675
      0.17   0.416531          1     0.5881
      0.18   0.306522          1   0.469218
      0.19   0.122011          1   0.217486
       0.2  0.0441576          1  0.0845804
      0.21  0.0192935          1  0.0378566
      0.22 0.00240036          1 0.00478923
      0.23          0          0          0
      0.24          0          0          0
      0.25          0          0          0
      0.26          0          0          0
      0.27          0          0          0
      0.28          0          0          0
      0.29          0          0          0
       0.3          0          0          0
      0.31          0          0          0
      0.32          0          0          0
      0.33          0          0          0
      0.34          0          0          0
      0.35          0          0          0
      0.36          0          0          0
      0.37          0          0          0
      0.38          0          0          0
      0.39          0          0          0
       0.4          0          0          0
      0.41          0          0          0
      0.42          0          0          0
      0.43          0          0          0
      0.44          0          0          0
      0.45          0          0          0
      0.46          0          0          0
      0.47          0          0          0
      0.48          0          0          0
      0.49          0          0          0
       0.5          0          0          0
      0.51          0          0          0
      0.52          0          0          0
      0.53          0          0          0
      0.54          0          0          0
      0.55          0          0          0
      0.56          0          0          0
      0.57          0          0          0
      0.58          0          0          0
      0.59          0          0          0
       0.6          0          0          0
      0.61          0          0          0
      0.62          0          0          0
      0.63          0          0          0
      0.64          0          0          0
      0.65          0          0          0
      0.66          0          0          0
      0.67          0          0          0
      0.68          0          0          0
      0.69          0          0          0
       0.7          0          0          0
      0.71          0          0          0
      0.72          0          0          0
      0.73          0          0          0
      0.74          0          0          0
      0.75          0          0          0
      0.76          0          0          0
      0.77          0          0          0
      0.78          0          0          0
      0.79          0          0          0
       0.8          0          0          0
      0.81          0          0          0
      0.82          0          0          0
      0.83          0          0          0
      0.84          0          0          0
      0.85          0          0          0
      0.86          0          0          0
      0.87          0          0          0
      0.88          0          0          0
      0.89          0          0          0
       0.9          0          0          0
      0.91          0          0          0
      0.92          0          0          0
      0.93          0          0          0
      0.94          0          0          0
      0.95          0          0          0
      0.96          0          0          0
      0.97          0          0          0
      0.98          0          0          0
      0.99          0          0          0
