         0          1   0.205491   0.340925
      0.01    0.95417   0.301619   0.458351
      0.02    0.95417   0.306703   0.464197
      0.03   0.953587   0.328314   0.488456
      0.04   0.929506   0.403741   0.562956
      0.05   0.890342    0.48539   0.628267
      0.06   0.774352   0.641447   0.701661
      0.07   0.671444   0.724497   0.696962
      0.08   0.524956   0.766428   0.623116
      0.09   0.438963   0.762913    0.55728
       0.1   0.259312   0.740196   0.384072
      0.11    0.11474   0.730469   0.198328
      0.12  0.0767436   0.874126   0.141099
      0.13  0.0389968          1  0.0750662
      0.14  0.0298308          1  0.0579335
      0.15  0.0273311          1  0.0532079
      0.16  0.0252479          1  0.0492523
      0.17  0.0246646          1  0.0481418
      0.18  0.0190817          1  0.0374489
      0.19  0.0153321          1  0.0302011
       0.2  0.0143321          1  0.0282593
      0.21 0.00866594          1   0.017183
      0.22          0          0          0
      0.23          0          0          0
      0.24          0          0          0
      0.25          0          0          0
      0.26          0          0          0
      0.27          0          0          0
      0.28          0          0          0
      0.29          0          0          0
       0.3          0          0          0
      0.31          0          0          0
      0.32          0          0          0
      0.33          0          0          0
      0.34          0          0          0
      0.35          0          0          0
      0.36          0          0          0
      0.37          0          0          0
      0.38          0          0          0
      0.39          0          0          0
       0.4          0          0          0
      0.41          0          0          0
      0.42          0          0          0
      0.43          0          0          0
      0.44          0          0          0
      0.45          0          0          0
      0.46          0          0          0
      0.47          0          0          0
      0.48          0          0          0
      0.49          0          0          0
       0.5          0          0          0
      0.51          0          0          0
      0.52          0          0          0
      0.53          0          0          0
      0.54          0          0          0
      0.55          0          0          0
      0.56          0          0          0
      0.57          0          0          0
      0.58          0          0          0
      0.59          0          0          0
       0.6          0          0          0
      0.61          0          0          0
      0.62          0          0          0
      0.63          0          0          0
      0.64          0          0          0
      0.65          0          0          0
      0.66          0          0          0
      0.67          0          0          0
      0.68          0          0          0
      0.69          0          0          0
       0.7          0          0          0
      0.71          0          0          0
      0.72          0          0          0
      0.73          0          0          0
      0.74          0          0          0
      0.75          0          0          0
      0.76          0          0          0
      0.77          0          0          0
      0.78          0          0          0
      0.79          0          0          0
       0.8          0          0          0
      0.81          0          0          0
      0.82          0          0          0
      0.83          0          0          0
      0.84          0          0          0
      0.85          0          0          0
      0.86          0          0          0
      0.87          0          0          0
      0.88          0          0          0
      0.89          0          0          0
       0.9          0          0          0
      0.91          0          0          0
      0.92          0          0          0
      0.93          0          0          0
      0.94          0          0          0
      0.95          0          0          0
      0.96          0          0          0
      0.97          0          0          0
      0.98          0          0          0
      0.99          0          0          0
