         0          1   0.364376   0.534128
      0.01   0.952966   0.406074   0.569483
      0.02   0.952914   0.408553   0.571906
      0.03   0.951826   0.415303   0.578286
      0.04   0.942554    0.43907   0.599074
      0.05   0.925719   0.461275   0.615736
      0.06   0.863196   0.509949   0.641135
      0.07   0.801709   0.542638   0.647211
      0.08   0.716447   0.597937   0.651849
      0.09   0.634395   0.636265   0.635329
       0.1   0.497488   0.695742   0.580145
      0.11   0.386739   0.752182   0.510831
      0.12   0.316136   0.784349   0.450639
      0.13   0.246257   0.831135   0.379942
      0.14    0.21352   0.855341   0.341732
      0.15   0.162756   0.866831   0.274055
      0.16   0.125201    0.87037   0.218912
      0.17  0.0867133   0.893151   0.158079
      0.18  0.0664077   0.983539   0.124415
      0.19  0.0438746          1  0.0840611
       0.2  0.0257964          1  0.0502954
      0.21  0.0133126          1  0.0262754
      0.22 0.00725201          1  0.0143996
      0.23          0          0          0
      0.24          0          0          0
      0.25          0          0          0
      0.26          0          0          0
      0.27          0          0          0
      0.28          0          0          0
      0.29          0          0          0
       0.3          0          0          0
      0.31          0          0          0
      0.32          0          0          0
      0.33          0          0          0
      0.34          0          0          0
      0.35          0          0          0
      0.36          0          0          0
      0.37          0          0          0
      0.38          0          0          0
      0.39          0          0          0
       0.4          0          0          0
      0.41          0          0          0
      0.42          0          0          0
      0.43          0          0          0
      0.44          0          0          0
      0.45          0          0          0
      0.46          0          0          0
      0.47          0          0          0
      0.48          0          0          0
      0.49          0          0          0
       0.5          0          0          0
      0.51          0          0          0
      0.52          0          0          0
      0.53          0          0          0
      0.54          0          0          0
      0.55          0          0          0
      0.56          0          0          0
      0.57          0          0          0
      0.58          0          0          0
      0.59          0          0          0
       0.6          0          0          0
      0.61          0          0          0
      0.62          0          0          0
      0.63          0          0          0
      0.64          0          0          0
      0.65          0          0          0
      0.66          0          0          0
      0.67          0          0          0
      0.68          0          0          0
      0.69          0          0          0
       0.7          0          0          0
      0.71          0          0          0
      0.72          0          0          0
      0.73          0          0          0
      0.74          0          0          0
      0.75          0          0          0
      0.76          0          0          0
      0.77          0          0          0
      0.78          0          0          0
      0.79          0          0          0
       0.8          0          0          0
      0.81          0          0          0
      0.82          0          0          0
      0.83          0          0          0
      0.84          0          0          0
      0.85          0          0          0
      0.86          0          0          0
      0.87          0          0          0
      0.88          0          0          0
      0.89          0          0          0
       0.9          0          0          0
      0.91          0          0          0
      0.92          0          0          0
      0.93          0          0          0
      0.94          0          0          0
      0.95          0          0          0
      0.96          0          0          0
      0.97          0          0          0
      0.98          0          0          0
      0.99          0          0          0
