         0          1   0.374026   0.544424
      0.01   0.750223   0.331769   0.460079
      0.02   0.750223   0.333466   0.461708
      0.03   0.750223   0.340279   0.468197
      0.04   0.749926   0.367252   0.493049
      0.05   0.749628   0.404425   0.525397
      0.06   0.747959   0.484932   0.588388
      0.07   0.745516   0.547232   0.631168
      0.08   0.728356    0.64192   0.682412
      0.09   0.708515   0.698407   0.703424
       0.1   0.652386   0.773563   0.707826
      0.11   0.590657   0.835732   0.692141
      0.12   0.542513   0.865259    0.66689
      0.13   0.479116   0.892245   0.623452
      0.14    0.45123   0.907677   0.602795
      0.15   0.406959    0.91762   0.563853
      0.16   0.379968    0.92178   0.538118
      0.17    0.32527   0.928216    0.48173
      0.18   0.276232   0.931154   0.426068
      0.19   0.190252   0.957303   0.317421
       0.2   0.145743   0.963979   0.253204
      0.21  0.0677471    0.99435   0.126852
      0.22   0.010606          1  0.0209893
      0.23          0          0          0
      0.24          0          0          0
      0.25          0          0          0
      0.26          0          0          0
      0.27          0          0          0
      0.28          0          0          0
      0.29          0          0          0
       0.3          0          0          0
      0.31          0          0          0
      0.32          0          0          0
      0.33          0          0          0
      0.34          0          0          0
      0.35          0          0          0
      0.36          0          0          0
      0.37          0          0          0
      0.38          0          0          0
      0.39          0          0          0
       0.4          0          0          0
      0.41          0          0          0
      0.42          0          0          0
      0.43          0          0          0
      0.44          0          0          0
      0.45          0          0          0
      0.46          0          0          0
      0.47          0          0          0
      0.48          0          0          0
      0.49          0          0          0
       0.5          0          0          0
      0.51          0          0          0
      0.52          0          0          0
      0.53          0          0          0
      0.54          0          0          0
      0.55          0          0          0
      0.56          0          0          0
      0.57          0          0          0
      0.58          0          0          0
      0.59          0          0          0
       0.6          0          0          0
      0.61          0          0          0
      0.62          0          0          0
      0.63          0          0          0
      0.64          0          0          0
      0.65          0          0          0
      0.66          0          0          0
      0.67          0          0          0
      0.68          0          0          0
      0.69          0          0          0
       0.7          0          0          0
      0.71          0          0          0
      0.72          0          0          0
      0.73          0          0          0
      0.74          0          0          0
      0.75          0          0          0
      0.76          0          0          0
      0.77          0          0          0
      0.78          0          0          0
      0.79          0          0          0
       0.8          0          0          0
      0.81          0          0          0
      0.82          0          0          0
      0.83          0          0          0
      0.84          0          0          0
      0.85          0          0          0
      0.86          0          0          0
      0.87          0          0          0
      0.88          0          0          0
      0.89          0          0          0
       0.9          0          0          0
      0.91          0          0          0
      0.92          0          0          0
      0.93          0          0          0
      0.94          0          0          0
      0.95          0          0          0
      0.96          0          0          0
      0.97          0          0          0
      0.98          0          0          0
      0.99          0          0          0
