         0          1   0.176767   0.300428
      0.01   0.976128   0.245527   0.392362
      0.02   0.976128   0.256916   0.406771
      0.03   0.976128   0.279016   0.433983
      0.04   0.976128   0.334144   0.497862
      0.05   0.975905   0.384096   0.551237
      0.06   0.975012   0.473079   0.637056
      0.07   0.974164   0.544198   0.698303
      0.08   0.970729   0.655689   0.782697
      0.09   0.967561   0.713225    0.82115
       0.1   0.962518   0.789233   0.867305
      0.11   0.948686   0.856867   0.900442
      0.12   0.936371   0.889922   0.912556
      0.13   0.915577   0.921071   0.918316
      0.14   0.882335   0.941411   0.910916
      0.15   0.818839   0.968028   0.887205
      0.16   0.778368   0.982447   0.868581
      0.17   0.710812          1   0.830964
      0.18      0.618          1   0.763906
      0.19   0.426264          1   0.597735
       0.2   0.270314          1   0.425586
      0.21  0.0843782          1   0.155625
      0.22          0          0          0
      0.23          0          0          0
      0.24          0          0          0
      0.25          0          0          0
      0.26          0          0          0
      0.27          0          0          0
      0.28          0          0          0
      0.29          0          0          0
       0.3          0          0          0
      0.31          0          0          0
      0.32          0          0          0
      0.33          0          0          0
      0.34          0          0          0
      0.35          0          0          0
      0.36          0          0          0
      0.37          0          0          0
      0.38          0          0          0
      0.39          0          0          0
       0.4          0          0          0
      0.41          0          0          0
      0.42          0          0          0
      0.43          0          0          0
      0.44          0          0          0
      0.45          0          0          0
      0.46          0          0          0
      0.47          0          0          0
      0.48          0          0          0
      0.49          0          0          0
       0.5          0          0          0
      0.51          0          0          0
      0.52          0          0          0
      0.53          0          0          0
      0.54          0          0          0
      0.55          0          0          0
      0.56          0          0          0
      0.57          0          0          0
      0.58          0          0          0
      0.59          0          0          0
       0.6          0          0          0
      0.61          0          0          0
      0.62          0          0          0
      0.63          0          0          0
      0.64          0          0          0
      0.65          0          0          0
      0.66          0          0          0
      0.67          0          0          0
      0.68          0          0          0
      0.69          0          0          0
       0.7          0          0          0
      0.71          0          0          0
      0.72          0          0          0
      0.73          0          0          0
      0.74          0          0          0
      0.75          0          0          0
      0.76          0          0          0
      0.77          0          0          0
      0.78          0          0          0
      0.79          0          0          0
       0.8          0          0          0
      0.81          0          0          0
      0.82          0          0          0
      0.83          0          0          0
      0.84          0          0          0
      0.85          0          0          0
      0.86          0          0          0
      0.87          0          0          0
      0.88          0          0          0
      0.89          0          0          0
       0.9          0          0          0
      0.91          0          0          0
      0.92          0          0          0
      0.93          0          0          0
      0.94          0          0          0
      0.95          0          0          0
      0.96          0          0          0
      0.97          0          0          0
      0.98          0          0          0
      0.99          0          0          0
