         0          1   0.298178   0.459379
      0.01    0.93275   0.298471   0.452232
      0.02    0.93275   0.301411   0.455598
      0.03    0.93275   0.314881   0.470821
      0.04    0.93222    0.36379   0.523348
      0.05   0.923681    0.41137   0.569228
      0.06   0.897003   0.505675   0.646752
      0.07   0.867621   0.565572   0.684768
      0.08   0.785786   0.649621   0.711245
      0.09   0.724635   0.691569   0.707716
       0.1   0.641634   0.726576   0.681468
      0.11   0.510528   0.720336    0.59755
      0.12   0.427526   0.717598   0.535823
      0.13   0.336197   0.754221   0.465082
      0.14   0.278971   0.778364   0.410733
      0.15   0.216813   0.892261   0.348856
      0.16   0.180377   0.954545   0.303418
      0.17   0.138478   0.986376    0.24286
      0.18   0.114399          1   0.205311
      0.19  0.0927075          1   0.169684
       0.2  0.0603023          1   0.113745
      0.21  0.0168125          1  0.0330691
      0.22          0          0          0
      0.23          0          0          0
      0.24          0          0          0
      0.25          0          0          0
      0.26          0          0          0
      0.27          0          0          0
      0.28          0          0          0
      0.29          0          0          0
       0.3          0          0          0
      0.31          0          0          0
      0.32          0          0          0
      0.33          0          0          0
      0.34          0          0          0
      0.35          0          0          0
      0.36          0          0          0
      0.37          0          0          0
      0.38          0          0          0
      0.39          0          0          0
       0.4          0          0          0
      0.41          0          0          0
      0.42          0          0          0
      0.43          0          0          0
      0.44          0          0          0
      0.45          0          0          0
      0.46          0          0          0
      0.47          0          0          0
      0.48          0          0          0
      0.49          0          0          0
       0.5          0          0          0
      0.51          0          0          0
      0.52          0          0          0
      0.53          0          0          0
      0.54          0          0          0
      0.55          0          0          0
      0.56          0          0          0
      0.57          0          0          0
      0.58          0          0          0
      0.59          0          0          0
       0.6          0          0          0
      0.61          0          0          0
      0.62          0          0          0
      0.63          0          0          0
      0.64          0          0          0
      0.65          0          0          0
      0.66          0          0          0
      0.67          0          0          0
      0.68          0          0          0
      0.69          0          0          0
       0.7          0          0          0
      0.71          0          0          0
      0.72          0          0          0
      0.73          0          0          0
      0.74          0          0          0
      0.75          0          0          0
      0.76          0          0          0
      0.77          0          0          0
      0.78          0          0          0
      0.79          0          0          0
       0.8          0          0          0
      0.81          0          0          0
      0.82          0          0          0
      0.83          0          0          0
      0.84          0          0          0
      0.85          0          0          0
      0.86          0          0          0
      0.87          0          0          0
      0.88          0          0          0
      0.89          0          0          0
       0.9          0          0          0
      0.91          0          0          0
      0.92          0          0          0
      0.93          0          0          0
      0.94          0          0          0
      0.95          0          0          0
      0.96          0          0          0
      0.97          0          0          0
      0.98          0          0          0
      0.99          0          0          0
