         0          1    0.48887   0.656699
      0.01   0.928585   0.558354   0.697378
      0.02   0.928561   0.564031   0.701782
      0.03   0.928537   0.577359      0.712
      0.04   0.928365   0.620783   0.744039
      0.05    0.92685    0.65352   0.766548
      0.06   0.918537   0.694641   0.791052
      0.07   0.906386   0.720073   0.802559
      0.08   0.880299   0.745964   0.807583
      0.09   0.849396   0.759548   0.801963
       0.1   0.786514   0.763677   0.774927
      0.11   0.710259   0.757019   0.732894
      0.12   0.653538    0.74695   0.697128
      0.13   0.562882   0.731423   0.636179
      0.14   0.494499   0.716678    0.58521
      0.15    0.40844    0.69289   0.513931
      0.16   0.352599   0.671647   0.462432
      0.17   0.248863   0.636207   0.357776
      0.18   0.210992   0.635073    0.31675
      0.19   0.163415   0.624593   0.259053
       0.2   0.142218   0.627078   0.231853
      0.21   0.114909   0.642935   0.194971
      0.22  0.0877463   0.692308   0.155752
      0.23  0.0678206   0.770026   0.124662
      0.24  0.0481639   0.971014  0.0917756
      0.25   0.039998          1  0.0769195
      0.26  0.0254022          1  0.0495458
      0.27 0.00987727          1  0.0195613
      0.28  0.0027627          1 0.00551018
      0.29          0          0          0
       0.3          0          0          0
      0.31          0          0          0
      0.32          0          0          0
      0.33          0          0          0
      0.34          0          0          0
      0.35          0          0          0
      0.36          0          0          0
      0.37          0          0          0
      0.38          0          0          0
      0.39          0          0          0
       0.4          0          0          0
      0.41          0          0          0
      0.42          0          0          0
      0.43          0          0          0
      0.44          0          0          0
      0.45          0          0          0
      0.46          0          0          0
      0.47          0          0          0
      0.48          0          0          0
      0.49          0          0          0
       0.5          0          0          0
      0.51          0          0          0
      0.52          0          0          0
      0.53          0          0          0
      0.54          0          0          0
      0.55          0          0          0
      0.56          0          0          0
      0.57          0          0          0
      0.58          0          0          0
      0.59          0          0          0
       0.6          0          0          0
      0.61          0          0          0
      0.62          0          0          0
      0.63          0          0          0
      0.64          0          0          0
      0.65          0          0          0
      0.66          0          0          0
      0.67          0          0          0
      0.68          0          0          0
      0.69          0          0          0
       0.7          0          0          0
      0.71          0          0          0
      0.72          0          0          0
      0.73          0          0          0
      0.74          0          0          0
      0.75          0          0          0
      0.76          0          0          0
      0.77          0          0          0
      0.78          0          0          0
      0.79          0          0          0
       0.8          0          0          0
      0.81          0          0          0
      0.82          0          0          0
      0.83          0          0          0
      0.84          0          0          0
      0.85          0          0          0
      0.86          0          0          0
      0.87          0          0          0
      0.88          0          0          0
      0.89          0          0          0
       0.9          0          0          0
      0.91          0          0          0
      0.92          0          0          0
      0.93          0          0          0
      0.94          0          0          0
      0.95          0          0          0
      0.96          0          0          0
      0.97          0          0          0
      0.98          0          0          0
      0.99          0          0          0
