         0          1   0.242084   0.389803
      0.01   0.993007   0.250672   0.400294
      0.02   0.993007   0.253688    0.40413
      0.03   0.993007    0.26793   0.421997
      0.04   0.993007   0.321301   0.485509
      0.05   0.992051   0.374154   0.543374
      0.06   0.987209   0.462069   0.629498
      0.07   0.974299   0.513664   0.672681
      0.08   0.932162   0.573795   0.710339
      0.09   0.882972   0.605318   0.718245
       0.1   0.783097   0.628187    0.69714
      0.11   0.669177   0.631081   0.649571
      0.12   0.595123   0.622856   0.608674
      0.13   0.493455    0.61392   0.547135
      0.14   0.437093   0.612302   0.510071
      0.15   0.379535   0.611205   0.468284
      0.16   0.318451   0.605765   0.417449
      0.17    0.27452   0.613982   0.379404
      0.18   0.246548   0.618207   0.352511
      0.19   0.190305   0.619469   0.291163
       0.2   0.159285   0.649689   0.255845
      0.21   0.101369   0.653445   0.175511
      0.22  0.0503855   0.697095  0.0939783
      0.23  0.0225928   0.741007  0.0438487
      0.24  0.0138665    0.84127  0.0272832
      0.25 0.00765047          1  0.0151848
      0.26 0.00316777          1 0.00631554
      0.27 0.00209193          1 0.00417512
      0.28          0          0          0
      0.29          0          0          0
       0.3          0          0          0
      0.31          0          0          0
      0.32          0          0          0
      0.33          0          0          0
      0.34          0          0          0
      0.35          0          0          0
      0.36          0          0          0
      0.37          0          0          0
      0.38          0          0          0
      0.39          0          0          0
       0.4          0          0          0
      0.41          0          0          0
      0.42          0          0          0
      0.43          0          0          0
      0.44          0          0          0
      0.45          0          0          0
      0.46          0          0          0
      0.47          0          0          0
      0.48          0          0          0
      0.49          0          0          0
       0.5          0          0          0
      0.51          0          0          0
      0.52          0          0          0
      0.53          0          0          0
      0.54          0          0          0
      0.55          0          0          0
      0.56          0          0          0
      0.57          0          0          0
      0.58          0          0          0
      0.59          0          0          0
       0.6          0          0          0
      0.61          0          0          0
      0.62          0          0          0
      0.63          0          0          0
      0.64          0          0          0
      0.65          0          0          0
      0.66          0          0          0
      0.67          0          0          0
      0.68          0          0          0
      0.69          0          0          0
       0.7          0          0          0
      0.71          0          0          0
      0.72          0          0          0
      0.73          0          0          0
      0.74          0          0          0
      0.75          0          0          0
      0.76          0          0          0
      0.77          0          0          0
      0.78          0          0          0
      0.79          0          0          0
       0.8          0          0          0
      0.81          0          0          0
      0.82          0          0          0
      0.83          0          0          0
      0.84          0          0          0
      0.85          0          0          0
      0.86          0          0          0
      0.87          0          0          0
      0.88          0          0          0
      0.89          0          0          0
       0.9          0          0          0
      0.91          0          0          0
      0.92          0          0          0
      0.93          0          0          0
      0.94          0          0          0
      0.95          0          0          0
      0.96          0          0          0
      0.97          0          0          0
      0.98          0          0          0
      0.99          0          0          0
