         0          1   0.384732   0.555677
      0.01   0.868985   0.438535   0.582906
      0.02   0.868985   0.440612   0.584738
      0.03   0.865891   0.447617   0.590156
      0.04   0.849221   0.467471   0.603005
      0.05   0.830775   0.484906   0.612379
      0.06   0.786377   0.517239   0.624025
      0.07    0.74599   0.550947   0.633803
      0.08   0.685037   0.606838    0.64357
      0.09    0.63176   0.646364   0.638978
       0.1    0.51478   0.711179   0.597248
      0.11   0.378036   0.774231    0.50802
      0.12   0.290846   0.791234   0.425342
      0.13   0.184292   0.810962   0.300333
      0.14   0.128724     0.8051   0.221959
      0.15  0.0827223   0.806122   0.150047
      0.16  0.0700046   0.851163   0.129369
      0.17  0.0408456   0.943182  0.0783002
      0.18  0.0244042          1  0.0476457
      0.19 0.00584326          1  0.0116186
       0.2          0          0          0
      0.21          0          0          0
      0.22          0          0          0
      0.23          0          0          0
      0.24          0          0          0
      0.25          0          0          0
      0.26          0          0          0
      0.27          0          0          0
      0.28          0          0          0
      0.29          0          0          0
       0.3          0          0          0
      0.31          0          0          0
      0.32          0          0          0
      0.33          0          0          0
      0.34          0          0          0
      0.35          0          0          0
      0.36          0          0          0
      0.37          0          0          0
      0.38          0          0          0
      0.39          0          0          0
       0.4          0          0          0
      0.41          0          0          0
      0.42          0          0          0
      0.43          0          0          0
      0.44          0          0          0
      0.45          0          0          0
      0.46          0          0          0
      0.47          0          0          0
      0.48          0          0          0
      0.49          0          0          0
       0.5          0          0          0
      0.51          0          0          0
      0.52          0          0          0
      0.53          0          0          0
      0.54          0          0          0
      0.55          0          0          0
      0.56          0          0          0
      0.57          0          0          0
      0.58          0          0          0
      0.59          0          0          0
       0.6          0          0          0
      0.61          0          0          0
      0.62          0          0          0
      0.63          0          0          0
      0.64          0          0          0
      0.65          0          0          0
      0.66          0          0          0
      0.67          0          0          0
      0.68          0          0          0
      0.69          0          0          0
       0.7          0          0          0
      0.71          0          0          0
      0.72          0          0          0
      0.73          0          0          0
      0.74          0          0          0
      0.75          0          0          0
      0.76          0          0          0
      0.77          0          0          0
      0.78          0          0          0
      0.79          0          0          0
       0.8          0          0          0
      0.81          0          0          0
      0.82          0          0          0
      0.83          0          0          0
      0.84          0          0          0
      0.85          0          0          0
      0.86          0          0          0
      0.87          0          0          0
      0.88          0          0          0
      0.89          0          0          0
       0.9          0          0          0
      0.91          0          0          0
      0.92          0          0          0
      0.93          0          0          0
      0.94          0          0          0
      0.95          0          0          0
      0.96          0          0          0
      0.97          0          0          0
      0.98          0          0          0
      0.99          0          0          0
