         0          1   0.289124   0.448559
      0.01   0.972944   0.382612   0.549236
      0.02   0.972896   0.394556   0.561426
      0.03   0.972168   0.426447   0.592841
      0.04   0.963829   0.485739   0.645943
      0.05   0.959562     0.5382    0.68961
      0.06   0.951028   0.615352   0.747222
      0.07   0.941621   0.658399   0.774943
      0.08   0.909668   0.716211    0.80143
      0.09   0.876018   0.747611   0.806737
       0.1   0.821325   0.790514   0.805625
      0.11   0.766292   0.848409   0.805262
      0.12   0.721538      0.875   0.790893
      0.13   0.618745   0.897487   0.732494
      0.14   0.518037   0.904372   0.658739
      0.15    0.38814   0.920067   0.545961
      0.16   0.279238   0.944954   0.431087
      0.17   0.123109   0.976015    0.21864
      0.18  0.0763189   0.973054   0.141537
      0.19  0.0442688          1  0.0847843
       0.2  0.0258437          1  0.0503852
      0.21 0.00465477          1 0.00926641
      0.22 0.00261831          1 0.00522294
      0.23 0.00145462          1 0.00290501
      0.24          0          0          0
      0.25          0          0          0
      0.26          0          0          0
      0.27          0          0          0
      0.28          0          0          0
      0.29          0          0          0
       0.3          0          0          0
      0.31          0          0          0
      0.32          0          0          0
      0.33          0          0          0
      0.34          0          0          0
      0.35          0          0          0
      0.36          0          0          0
      0.37          0          0          0
      0.38          0          0          0
      0.39          0          0          0
       0.4          0          0          0
      0.41          0          0          0
      0.42          0          0          0
      0.43          0          0          0
      0.44          0          0          0
      0.45          0          0          0
      0.46          0          0          0
      0.47          0          0          0
      0.48          0          0          0
      0.49          0          0          0
       0.5          0          0          0
      0.51          0          0          0
      0.52          0          0          0
      0.53          0          0          0
      0.54          0          0          0
      0.55          0          0          0
      0.56          0          0          0
      0.57          0          0          0
      0.58          0          0          0
      0.59          0          0          0
       0.6          0          0          0
      0.61          0          0          0
      0.62          0          0          0
      0.63          0          0          0
      0.64          0          0          0
      0.65          0          0          0
      0.66          0          0          0
      0.67          0          0          0
      0.68          0          0          0
      0.69          0          0          0
       0.7          0          0          0
      0.71          0          0          0
      0.72          0          0          0
      0.73          0          0          0
      0.74          0          0          0
      0.75          0          0          0
      0.76          0          0          0
      0.77          0          0          0
      0.78          0          0          0
      0.79          0          0          0
       0.8          0          0          0
      0.81          0          0          0
      0.82          0          0          0
      0.83          0          0          0
      0.84          0          0          0
      0.85          0          0          0
      0.86          0          0          0
      0.87          0          0          0
      0.88          0          0          0
      0.89          0          0          0
       0.9          0          0          0
      0.91          0          0          0
      0.92          0          0          0
      0.93          0          0          0
      0.94          0          0          0
      0.95          0          0          0
      0.96          0          0          0
      0.97          0          0          0
      0.98          0          0          0
      0.99          0          0          0
