         0          1   0.354609   0.523559
      0.01   0.951298   0.396309   0.559522
      0.02   0.951298    0.39738   0.560589
      0.03   0.951258   0.402132   0.565294
      0.04   0.950332   0.423286   0.585698
      0.05   0.950091    0.44679    0.60777
      0.06   0.944818   0.488991   0.644448
      0.07   0.938458   0.517765   0.667344
      0.08   0.921755   0.563834   0.699678
      0.09   0.899094   0.592583   0.714348
       0.1   0.870074   0.630569   0.731209
      0.11   0.838599   0.665386   0.742018
      0.12   0.796861   0.684402   0.736362
      0.13   0.718656   0.694284    0.70626
      0.14   0.659328   0.702856   0.680397
      0.15   0.536526   0.698568   0.606917
      0.16   0.452687    0.69218   0.547384
      0.17   0.360998   0.704942    0.47748
      0.18    0.31773    0.71522   0.439996
      0.19   0.261059   0.714631   0.382418
       0.2    0.20326   0.704583   0.315503
      0.21   0.128678   0.712977   0.218009
      0.22  0.0693902   0.759542   0.127163
      0.23  0.0341316   0.902985   0.065777
      0.24  0.0189978          1  0.0372872
      0.25 0.00591668          1  0.0117638
      0.26 0.00165023          1 0.00329503
      0.27          0          0          0
      0.28          0          0          0
      0.29          0          0          0
       0.3          0          0          0
      0.31          0          0          0
      0.32          0          0          0
      0.33          0          0          0
      0.34          0          0          0
      0.35          0          0          0
      0.36          0          0          0
      0.37          0          0          0
      0.38          0          0          0
      0.39          0          0          0
       0.4          0          0          0
      0.41          0          0          0
      0.42          0          0          0
      0.43          0          0          0
      0.44          0          0          0
      0.45          0          0          0
      0.46          0          0          0
      0.47          0          0          0
      0.48          0          0          0
      0.49          0          0          0
       0.5          0          0          0
      0.51          0          0          0
      0.52          0          0          0
      0.53          0          0          0
      0.54          0          0          0
      0.55          0          0          0
      0.56          0          0          0
      0.57          0          0          0
      0.58          0          0          0
      0.59          0          0          0
       0.6          0          0          0
      0.61          0          0          0
      0.62          0          0          0
      0.63          0          0          0
      0.64          0          0          0
      0.65          0          0          0
      0.66          0          0          0
      0.67          0          0          0
      0.68          0          0          0
      0.69          0          0          0
       0.7          0          0          0
      0.71          0          0          0
      0.72          0          0          0
      0.73          0          0          0
      0.74          0          0          0
      0.75          0          0          0
      0.76          0          0          0
      0.77          0          0          0
      0.78          0          0          0
      0.79          0          0          0
       0.8          0          0          0
      0.81          0          0          0
      0.82          0          0          0
      0.83          0          0          0
      0.84          0          0          0
      0.85          0          0          0
      0.86          0          0          0
      0.87          0          0          0
      0.88          0          0          0
      0.89          0          0          0
       0.9          0          0          0
      0.91          0          0          0
      0.92          0          0          0
      0.93          0          0          0
      0.94          0          0          0
      0.95          0          0          0
      0.96          0          0          0
      0.97          0          0          0
      0.98          0          0          0
      0.99          0          0          0
