         0          1   0.317058   0.481463
      0.01    0.96828   0.374402   0.540003
      0.02    0.96828   0.377999   0.543734
      0.03    0.96828   0.391311   0.557371
      0.04   0.967742   0.421386   0.587121
      0.05   0.961134    0.44421   0.607603
      0.06   0.927946   0.482587   0.634958
      0.07   0.874149   0.513163   0.646691
      0.08   0.770718   0.569609   0.655076
      0.09   0.700377   0.607648   0.650726
       0.1   0.568114   0.640803   0.602273
      0.11   0.456263   0.669306   0.542623
      0.12   0.382691   0.686968   0.491552
      0.13   0.304029   0.687939   0.421693
      0.14   0.254246   0.692088   0.371879
      0.15   0.202457    0.73073   0.317067
      0.16   0.181654   0.790576   0.295426
      0.17   0.126683   0.814346   0.219257
      0.18  0.0975084   0.855799    0.17507
      0.19  0.0648098   0.914773   0.121044
       0.2   0.047971    0.97561  0.0914456
      0.21  0.0281463          1  0.0547515
      0.22  0.0145871          1  0.0287548
      0.23          0          0          0
      0.24          0          0          0
      0.25          0          0          0
      0.26          0          0          0
      0.27          0          0          0
      0.28          0          0          0
      0.29          0          0          0
       0.3          0          0          0
      0.31          0          0          0
      0.32          0          0          0
      0.33          0          0          0
      0.34          0          0          0
      0.35          0          0          0
      0.36          0          0          0
      0.37          0          0          0
      0.38          0          0          0
      0.39          0          0          0
       0.4          0          0          0
      0.41          0          0          0
      0.42          0          0          0
      0.43          0          0          0
      0.44          0          0          0
      0.45          0          0          0
      0.46          0          0          0
      0.47          0          0          0
      0.48          0          0          0
      0.49          0          0          0
       0.5          0          0          0
      0.51          0          0          0
      0.52          0          0          0
      0.53          0          0          0
      0.54          0          0          0
      0.55          0          0          0
      0.56          0          0          0
      0.57          0          0          0
      0.58          0          0          0
      0.59          0          0          0
       0.6          0          0          0
      0.61          0          0          0
      0.62          0          0          0
      0.63          0          0          0
      0.64          0          0          0
      0.65          0          0          0
      0.66          0          0          0
      0.67          0          0          0
      0.68          0          0          0
      0.69          0          0          0
       0.7          0          0          0
      0.71          0          0          0
      0.72          0          0          0
      0.73          0          0          0
      0.74          0          0          0
      0.75          0          0          0
      0.76          0          0          0
      0.77          0          0          0
      0.78          0          0          0
      0.79          0          0          0
       0.8          0          0          0
      0.81          0          0          0
      0.82          0          0          0
      0.83          0          0          0
      0.84          0          0          0
      0.85          0          0          0
      0.86          0          0          0
      0.87          0          0          0
      0.88          0          0          0
      0.89          0          0          0
       0.9          0          0          0
      0.91          0          0          0
      0.92          0          0          0
      0.93          0          0          0
      0.94          0          0          0
      0.95          0          0          0
      0.96          0          0          0
      0.97          0          0          0
      0.98          0          0          0
      0.99          0          0          0
