         0          1   0.279386    0.43675
      0.01   0.938367   0.349477   0.509282
      0.02   0.937878   0.354052   0.514049
      0.03   0.935848   0.365456   0.525644
      0.04   0.925338   0.396453   0.555084
      0.05   0.911383   0.423859   0.578619
      0.06   0.876973    0.46968   0.611734
      0.07   0.845183   0.501335   0.629356
      0.08   0.780045   0.546003    0.64237
      0.09   0.727068   0.572208   0.640409
       0.1   0.639221   0.607085   0.622739
      0.11   0.546987   0.643934   0.591515
      0.12   0.483982   0.667795   0.561221
      0.13   0.395358   0.705496    0.50674
      0.14   0.338071   0.730416    0.46221
      0.15   0.264495     0.7647   0.393044
      0.16   0.223721   0.785622   0.348267
      0.17   0.166464   0.811791   0.276275
      0.18   0.133401   0.823236   0.229597
      0.19  0.0863192   0.823537    0.15626
       0.2   0.059749   0.820267   0.111385
      0.21  0.0306322   0.802365  0.0590115
      0.22  0.0150471   0.811513  0.0295463
      0.23 0.00897639    0.86683  0.0177688
      0.24 0.00494586   0.968317 0.00984146
      0.25  0.0029128          1 0.00580868
      0.26 0.00123469          1 0.00246633
      0.27 0.00044648          1 0.000892562
      0.28 0.000114925          1 0.000229825
      0.29          0          0          0
       0.3          0          0          0
      0.31          0          0          0
      0.32          0          0          0
      0.33          0          0          0
      0.34          0          0          0
      0.35          0          0          0
      0.36          0          0          0
      0.37          0          0          0
      0.38          0          0          0
      0.39          0          0          0
       0.4          0          0          0
      0.41          0          0          0
      0.42          0          0          0
      0.43          0          0          0
      0.44          0          0          0
      0.45          0          0          0
      0.46          0          0          0
      0.47          0          0          0
      0.48          0          0          0
      0.49          0          0          0
       0.5          0          0          0
      0.51          0          0          0
      0.52          0          0          0
      0.53          0          0          0
      0.54          0          0          0
      0.55          0          0          0
      0.56          0          0          0
      0.57          0          0          0
      0.58          0          0          0
      0.59          0          0          0
       0.6          0          0          0
      0.61          0          0          0
      0.62          0          0          0
      0.63          0          0          0
      0.64          0          0          0
      0.65          0          0          0
      0.66          0          0          0
      0.67          0          0          0
      0.68          0          0          0
      0.69          0          0          0
       0.7          0          0          0
      0.71          0          0          0
      0.72          0          0          0
      0.73          0          0          0
      0.74          0          0          0
      0.75          0          0          0
      0.76          0          0          0
      0.77          0          0          0
      0.78          0          0          0
      0.79          0          0          0
       0.8          0          0          0
      0.81          0          0          0
      0.82          0          0          0
      0.83          0          0          0
      0.84          0          0          0
      0.85          0          0          0
      0.86          0          0          0
      0.87          0          0          0
      0.88          0          0          0
      0.89          0          0          0
       0.9          0          0          0
      0.91          0          0          0
      0.92          0          0          0
      0.93          0          0          0
      0.94          0          0          0
      0.95          0          0          0
      0.96          0          0          0
      0.97          0          0          0
      0.98          0          0          0
      0.99          0          0          0
