    119082   0.121414   0.759725   0.744979    0.75228
     58060  0.0986869   0.659757   0.763694   0.707931
     42049       0.11   0.861821    0.95218    0.90475
     24077       0.11   0.808511   0.661314   0.727542
     78004  0.0931313   0.858892   0.761045   0.807013
     45096       0.08   0.849519   0.820103   0.834552
     38092       0.09   0.840212   0.789593   0.814116
     43074  0.0631313   0.742128   0.667452   0.702812
     16077  0.0792929   0.707069   0.487189   0.576887
     86000   0.106465   0.697876   0.609742   0.650839
    101085       0.09   0.912795   0.570668    0.70228
     89072       0.07   0.745571   0.485796   0.588282
    126007       0.09   0.853824   0.707581   0.773854
     76053       0.08   0.685037   0.606838    0.64357
     86016  0.0470707   0.695826   0.490051   0.575085
    103070  0.0740404   0.738083   0.566938   0.641288
      8023       0.09   0.746379   0.242728   0.366324
     41033  0.0891919   0.778756   0.649159   0.708076
    109053  0.0832323   0.670107   0.539327   0.597646
    130026       0.12   0.402951   0.594828    0.48044
    108082       0.09   0.685359   0.232991    0.34776
     69040          0          1   0.319512   0.484288
     14037  0.0759596   0.778925   0.583158   0.666973
     54082       0.05   0.866775   0.691007   0.768975
     62096       0.13   0.915577   0.921071   0.918316
     12084       0.04   0.959896   0.312109   0.471055
     69015       0.08   0.880299   0.745964   0.807583
     97033       0.09   0.849543   0.533899   0.655713
     19021       0.08   0.802357   0.740165   0.770007
     86068       0.09   0.778603   0.315901   0.449448
      3096       0.09   0.692957   0.861184   0.767966
     41069       0.08   0.738712   0.677594   0.706834
     21077       0.09   0.859721   0.635686   0.730922
    108070  0.0771717   0.557697   0.286107   0.378195
    123074        0.1   0.644119   0.233934   0.343216
     38082  0.0635354   0.850692   0.554547   0.671414
     33039       0.12   0.628359   0.535518   0.578236
    108005       0.08   0.803716     0.4951   0.612742
    106024       0.08   0.670651   0.837269   0.744755
    102061   0.111313   0.566685   0.613206   0.589028
     37073       0.03   0.945574   0.824782   0.881057
     65033  0.0863636   0.822512   0.752851   0.786141
     55073  0.0782828   0.731088   0.588441   0.652054
     66053   0.080101   0.785169   0.650045   0.711246
     85048       0.11   0.838599   0.665386   0.742018
     42012       0.07   0.716358   0.563752   0.630959
     87046       0.08   0.770718   0.569609   0.655076
    105025       0.09   0.756755   0.464073    0.57533
    101087       0.08   0.866919   0.845418   0.856033
     69020       0.09   0.882972   0.605318   0.718245
