         0          1   0.296598   0.457502
      0.01   0.974323   0.537383   0.692707
      0.02   0.974323   0.537383   0.692707
      0.03   0.974323   0.537383   0.692707
      0.04   0.974323   0.537383   0.692707
      0.05   0.974323   0.537383   0.692707
      0.06   0.974323   0.537383   0.692707
      0.07   0.974323   0.537383   0.692707
      0.08   0.974323   0.537383   0.692707
      0.09   0.974323   0.537383   0.692707
       0.1   0.974323   0.537383   0.692707
      0.11   0.974323   0.537383   0.692707
      0.12   0.974323   0.537383   0.692707
      0.13   0.974323   0.537383   0.692707
      0.14   0.974323   0.537559   0.692853
      0.15   0.974323   0.537734   0.692999
      0.16   0.974323   0.538015   0.693232
      0.17   0.974323   0.538859   0.693932
      0.18   0.974323   0.539499   0.694462
      0.19   0.974323   0.541199   0.695869
       0.2   0.974323   0.542701    0.69711
      0.21   0.974323   0.546553   0.700279
      0.22   0.974283   0.551011   0.703918
      0.23   0.974244   0.554971    0.70713
      0.24   0.973806   0.561483   0.712277
      0.25   0.973806   0.566551   0.716342
      0.26   0.973686   0.575862   0.723707
      0.27   0.973368   0.581938   0.728396
      0.28    0.97289   0.591974   0.736071
      0.29   0.972532   0.600507   0.742527
       0.3   0.971178   0.614917   0.753037
      0.31     0.9666   0.629958   0.762788
      0.32   0.965207   0.640335   0.769903
      0.33   0.960629   0.656497   0.779964
      0.34   0.957842   0.668655   0.787541
      0.35   0.950518   0.689564   0.799281
      0.36   0.948049   0.703222   0.807486
      0.37   0.938774   0.725384   0.818398
      0.38   0.934315   0.739726   0.825711
      0.39   0.922094   0.764099   0.835695
       0.4   0.915088   0.781193   0.842856
      0.41   0.896417   0.806869   0.849289
      0.42   0.871139   0.833013   0.851649
      0.43   0.847014   0.853232   0.850112
      0.44   0.808877   0.875537   0.840888
      0.45   0.778344   0.888536   0.829798
      0.46   0.741481   0.907854   0.816276
      0.47    0.71035   0.923832   0.803147
      0.48   0.662619   0.935868   0.775889
      0.49   0.636545   0.943313   0.760146
       0.5   0.601911   0.955882   0.738681
      0.51   0.564689   0.964314   0.712278
      0.52   0.546099   0.971071   0.699066
      0.53   0.493869   0.975394   0.655726
      0.54   0.460748   0.977564   0.626305
      0.55   0.413097   0.978788   0.580988
      0.56   0.379817   0.980921     0.5476
      0.57   0.339849   0.984444   0.505269
      0.58   0.318392   0.987076   0.481478
      0.59   0.284952   0.992674   0.442797
       0.6    0.26875   0.994012   0.423105
      0.61    0.23547   0.994104   0.380752
      0.62   0.198567   0.992679   0.330936
      0.63   0.169467   0.991197   0.289446
      0.64   0.124602   0.987745   0.221289
      0.65   0.104976   0.985119   0.189734
      0.66  0.0851115   0.979592   0.156615
      0.67  0.0634952   0.972222   0.119205
      0.68     0.0375   0.952381  0.0721587
      0.69  0.0292994   0.938272  0.0568243
       0.7  0.0137739    0.84375  0.0271053
      0.71 0.00286624      0.375   0.005689
      0.72          0          0          0
      0.73          0          0          0
      0.74          0          0          0
      0.75          0          0          0
      0.76          0          0          0
      0.77          0          0          0
      0.78          0          0          0
      0.79          0          0          0
       0.8          0          0          0
      0.81          0          0          0
      0.82          0          0          0
      0.83          0          0          0
      0.84          0          0          0
      0.85          0          0          0
      0.86          0          0          0
      0.87          0          0          0
      0.88          0          0          0
      0.89          0          0          0
       0.9          0          0          0
      0.91          0          0          0
      0.92          0          0          0
      0.93          0          0          0
      0.94          0          0          0
      0.95          0          0          0
      0.96          0          0          0
      0.97          0          0          0
      0.98          0          0          0
      0.99          0          0          0
