         0          1   0.295659   0.456384
      0.01    0.99257   0.363775   0.532419
      0.02    0.99257   0.363775   0.532419
      0.03    0.99257   0.363775   0.532419
      0.04    0.99257   0.363775   0.532419
      0.05    0.99257   0.363775   0.532419
      0.06    0.99257   0.363775   0.532419
      0.07    0.99257   0.363775   0.532419
      0.08    0.99257   0.363775   0.532419
      0.09    0.99257   0.363775   0.532419
       0.1    0.99257   0.363775   0.532419
      0.11    0.99257   0.363775   0.532419
      0.12    0.99257   0.363775   0.532419
      0.13    0.99257   0.363775   0.532419
      0.14    0.99257   0.363791   0.532436
      0.15    0.99257   0.363824   0.532471
      0.16    0.99257   0.363824   0.532471
      0.17    0.99257   0.363872   0.532524
      0.18    0.99257   0.363836   0.532485
      0.19    0.99257   0.363921   0.532576
       0.2    0.99257   0.364081   0.532747
      0.21    0.99257   0.364625   0.533329
      0.22    0.99257   0.365468    0.53423
      0.23    0.99257   0.366302   0.535121
      0.24    0.99257   0.368354   0.537307
      0.25    0.99257   0.370005   0.539061
      0.26    0.99257   0.373761   0.543037
      0.27    0.99257   0.376591   0.546017
      0.28   0.992257   0.382815   0.552482
      0.29   0.992257   0.386886   0.556708
       0.3   0.991788   0.395584   0.565581
      0.31   0.990693    0.40651   0.576475
      0.32   0.990302   0.414563   0.584458
      0.33   0.988464   0.428913   0.598239
      0.34   0.987134   0.438276   0.607035
      0.35   0.985766   0.453022   0.620764
      0.36   0.982872   0.463696   0.630118
      0.37   0.980604   0.480035   0.644545
      0.38   0.978883   0.490671    0.65368
      0.39   0.977084   0.506798   0.667417
       0.4   0.973917   0.517177   0.675595
      0.41   0.968051   0.533743   0.688098
      0.42   0.956593    0.54684   0.695878
      0.43   0.945761   0.557255   0.701297
      0.44   0.932543   0.570921   0.708242
      0.45    0.91741   0.577842   0.709068
      0.46   0.895081    0.58652   0.708669
      0.47   0.875372   0.592829   0.706914
      0.48   0.838143   0.599743    0.69918
      0.49    0.81554   0.602285   0.692875
       0.5   0.770257   0.604111   0.677141
      0.51   0.725716    0.60709   0.661123
      0.52    0.68227   0.605792   0.641761
      0.53   0.628422   0.606999   0.617524
      0.54   0.597685   0.605922   0.601775
      0.55   0.555217   0.609877   0.581264
      0.56   0.516815   0.609815   0.559477
      0.57   0.466878   0.613167   0.530115
      0.58   0.428007   0.619644   0.506299
      0.59   0.374941       0.63   0.470103
       0.6   0.336344   0.637053    0.44025
      0.61   0.287385   0.638326   0.396333
      0.62   0.235257   0.645108    0.34478
      0.63   0.207532   0.666321    0.31649
      0.64   0.158024   0.717066   0.258976
      0.65   0.127561   0.760956   0.218496
      0.66  0.0915845   0.824242   0.164852
      0.67   0.070194   0.911894   0.130354
      0.68  0.0479822          1  0.0915706
      0.69  0.0380885          1  0.0733821
       0.7  0.0158767          1  0.0312572
      0.71 0.00586579          1  0.0116632
      0.72 0.00203347          1 0.00405869
      0.73          0          0          0
      0.74          0          0          0
      0.75          0          0          0
      0.76          0          0          0
      0.77          0          0          0
      0.78          0          0          0
      0.79          0          0          0
       0.8          0          0          0
      0.81          0          0          0
      0.82          0          0          0
      0.83          0          0          0
      0.84          0          0          0
      0.85          0          0          0
      0.86          0          0          0
      0.87          0          0          0
      0.88          0          0          0
      0.89          0          0          0
       0.9          0          0          0
      0.91          0          0          0
      0.92          0          0          0
      0.93          0          0          0
      0.94          0          0          0
      0.95          0          0          0
      0.96          0          0          0
      0.97          0          0          0
      0.98          0          0          0
      0.99          0          0          0
