         0          1   0.168956   0.289072
      0.01   0.953069   0.277121    0.42939
      0.02   0.953069   0.277121    0.42939
      0.03   0.953069   0.277121    0.42939
      0.04   0.953069   0.277121    0.42939
      0.05   0.953069   0.277121    0.42939
      0.06   0.953069   0.277121    0.42939
      0.07   0.953069   0.277121    0.42939
      0.08   0.953069   0.277121    0.42939
      0.09   0.953069   0.277121    0.42939
       0.1   0.953069   0.277121    0.42939
      0.11   0.953069   0.277121    0.42939
      0.12   0.953069   0.277121    0.42939
      0.13   0.953069   0.277121    0.42939
      0.14   0.953069   0.277121    0.42939
      0.15   0.953069   0.277121    0.42939
      0.16   0.953069   0.277121    0.42939
      0.17   0.952987   0.277129    0.42939
      0.18   0.952987   0.277148   0.429414
      0.19   0.952822   0.277175    0.42943
       0.2   0.952576    0.27728    0.42953
      0.21   0.952412   0.277599   0.429896
      0.22   0.951674   0.278321   0.430687
      0.23   0.951592   0.279135   0.431652
      0.24    0.95151   0.280497    0.43327
      0.25    0.95151   0.282211   0.435311
      0.26   0.951264   0.286859   0.440794
      0.27   0.951099   0.289806   0.444247
      0.28   0.950525   0.296074    0.45151
      0.29   0.949787   0.301282   0.457454
       0.3    0.94831   0.309251   0.466404
      0.31   0.937151   0.317897    0.47475
      0.32   0.933541   0.325892   0.483128
      0.33   0.918198   0.337311   0.493375
      0.34   0.913193   0.345795   0.501638
      0.35   0.904086   0.358323   0.513233
      0.36    0.89383   0.367507   0.520858
      0.37   0.875287   0.384264   0.534066
      0.38   0.867739   0.392957   0.540945
      0.39   0.840335   0.407051   0.548442
       0.4   0.821792   0.415111   0.551595
      0.41   0.799311   0.427914   0.557414
      0.42   0.748031   0.444586   0.557705
      0.43   0.719478   0.453938   0.556663
      0.44   0.699294   0.469994   0.562161
      0.45   0.674598   0.479503    0.56056
      0.46   0.640056   0.494055   0.557658
      0.47   0.611585   0.503498   0.552303
      0.48    0.59575   0.522808   0.556901
      0.49   0.582458   0.540506   0.560698
       0.5    0.56449   0.561688   0.563086
      0.51   0.542747   0.582217   0.561789
      0.52   0.532245   0.600353   0.564251
      0.53   0.505333   0.617722   0.555904
      0.54   0.479242   0.630028   0.544387
      0.55   0.460207   0.672263   0.546381
      0.56    0.43149   0.699771   0.533819
      0.57   0.398753   0.742612   0.518885
      0.58   0.377831   0.771018   0.507141
      0.59   0.352232   0.832877   0.495086
       0.6   0.329669   0.858025   0.476325
      0.61    0.29726   0.908915   0.448001
      0.62   0.266574   0.929545   0.414327
      0.63   0.240482   0.945652   0.383452
      0.64   0.190187    0.96337   0.317662
      0.65   0.141943     0.9801   0.247973
      0.66   0.085658          1   0.157799
      0.67  0.0730226          1   0.136106
      0.68  0.0380702          1  0.0733481
      0.69  0.0232196          1  0.0453853
       0.7  0.0175583          1  0.0345106
      0.71   0.010256          1  0.0203037
      0.72          0          0          0
      0.73          0          0          0
      0.74          0          0          0
      0.75          0          0          0
      0.76          0          0          0
      0.77          0          0          0
      0.78          0          0          0
      0.79          0          0          0
       0.8          0          0          0
      0.81          0          0          0
      0.82          0          0          0
      0.83          0          0          0
      0.84          0          0          0
      0.85          0          0          0
      0.86          0          0          0
      0.87          0          0          0
      0.88          0          0          0
      0.89          0          0          0
       0.9          0          0          0
      0.91          0          0          0
      0.92          0          0          0
      0.93          0          0          0
      0.94          0          0          0
      0.95          0          0          0
      0.96          0          0          0
      0.97          0          0          0
      0.98          0          0          0
      0.99          0          0          0
