         0          1   0.337394   0.504555
      0.01   0.901887   0.385468   0.540097
      0.02   0.901887   0.385468   0.540097
      0.03   0.901887   0.385468   0.540097
      0.04   0.901887   0.385468   0.540097
      0.05   0.901887   0.385468   0.540097
      0.06   0.901887   0.385468   0.540097
      0.07   0.901887   0.385468   0.540097
      0.08   0.901887   0.385468   0.540097
      0.09   0.901887   0.385468   0.540097
       0.1   0.901887   0.385468   0.540097
      0.11   0.901887   0.385468   0.540097
      0.12   0.901887   0.385468   0.540097
      0.13   0.901887   0.385468   0.540097
      0.14   0.901887   0.385468   0.540097
      0.15   0.901887   0.385487   0.540116
      0.16   0.901887   0.385562    0.54019
      0.17   0.901887   0.385683   0.540309
      0.18   0.901887   0.385956   0.540577
      0.19   0.901887    0.38653   0.541139
       0.2   0.901887   0.387148   0.541744
      0.21   0.901887   0.388463    0.54303
      0.22   0.901887   0.389347   0.543894
      0.23   0.901887   0.390592   0.545107
      0.24   0.901801   0.392627    0.54707
      0.25   0.901801   0.394496   0.548882
      0.26   0.901716   0.398545   0.552773
      0.27    0.90163   0.401873   0.555949
      0.28   0.899234   0.405943   0.559369
      0.29   0.898678   0.410381   0.563459
       0.3   0.897223   0.415751   0.568209
      0.31   0.894142   0.424498   0.575686
      0.32   0.886911   0.430674   0.579802
      0.33   0.878781   0.441248   0.587503
      0.34   0.873048   0.447535   0.591737
      0.35   0.856532   0.462327   0.600516
      0.36   0.844637   0.471801   0.605422
      0.37   0.823756   0.488474   0.613282
      0.38   0.809893   0.500997   0.619051
      0.39   0.780968   0.525529   0.628278
       0.4   0.755295   0.536443    0.62733
      0.41   0.716529   0.552865   0.624146
      0.42   0.672286   0.569751   0.616787
      0.43   0.637157   0.582289   0.608489
      0.44   0.589491   0.607064   0.598149
      0.45   0.559283   0.625535   0.590557
      0.46   0.513286   0.640634   0.569932
      0.47   0.475547   0.652579   0.550172
      0.48    0.42634   0.676617   0.523083
      0.49   0.397501   0.689061   0.504164
       0.5   0.354071   0.708637   0.472205
      0.51   0.308074   0.725578   0.432509
      0.52   0.283856   0.729385    0.40867
      0.53   0.236618   0.725191   0.356814
      0.54   0.207565   0.722851   0.322519
      0.55   0.157503   0.722571   0.258631
      0.56   0.119764   0.720739   0.205397
      0.57  0.0928501   0.760933   0.165505
      0.58  0.0752214   0.786477    0.13731
      0.59   0.055325   0.796117    0.10346
       0.6  0.0468529   0.798883  0.0885147
      0.61  0.0394506   0.822695  0.0752908
      0.62  0.0348723   0.876033  0.0670745
      0.63   0.032904   0.888889   0.063459
      0.64  0.0271276   0.928571  0.0527152
      0.65  0.0231911   0.961039  0.0452894
      0.66  0.0225493          1  0.0441041
      0.67  0.0218219          1  0.0427118
      0.68  0.0166446          1  0.0327441
      0.69  0.0157888          1  0.0310868
       0.7  0.0137778          1   0.027181
      0.71  0.0053913          1  0.0107248
      0.72          0          0          0
      0.73          0          0          0
      0.74          0          0          0
      0.75          0          0          0
      0.76          0          0          0
      0.77          0          0          0
      0.78          0          0          0
      0.79          0          0          0
       0.8          0          0          0
      0.81          0          0          0
      0.82          0          0          0
      0.83          0          0          0
      0.84          0          0          0
      0.85          0          0          0
      0.86          0          0          0
      0.87          0          0          0
      0.88          0          0          0
      0.89          0          0          0
       0.9          0          0          0
      0.91          0          0          0
      0.92          0          0          0
      0.93          0          0          0
      0.94          0          0          0
      0.95          0          0          0
      0.96          0          0          0
      0.97          0          0          0
      0.98          0          0          0
      0.99          0          0          0
