         0          1   0.223995   0.366006
      0.01   0.953311   0.270067   0.420897
      0.02   0.953311   0.270067   0.420897
      0.03   0.953311   0.270067   0.420897
      0.04   0.953311   0.270067   0.420897
      0.05   0.953311   0.270067   0.420897
      0.06   0.953311   0.270067   0.420897
      0.07   0.953311   0.270067   0.420897
      0.08   0.953311   0.270067   0.420897
      0.09   0.953311   0.270067   0.420897
       0.1   0.953311   0.270067   0.420897
      0.11   0.953311   0.270067   0.420897
      0.12   0.953311   0.270067   0.420897
      0.13   0.953311   0.270067   0.420897
      0.14   0.953311   0.270067   0.420897
      0.15   0.953311   0.270067   0.420897
      0.16   0.953311   0.270127    0.42097
      0.17   0.953311   0.270211   0.421072
      0.18   0.953311   0.270332   0.421218
      0.19   0.953311   0.270592   0.421534
       0.2   0.953311   0.270739   0.421713
      0.21   0.953311   0.271227   0.422304
      0.22   0.953311   0.272229   0.423517
      0.23   0.953311   0.273322    0.42484
      0.24   0.953247    0.27505   0.426917
      0.25   0.953182   0.276519   0.428678
      0.26   0.953053   0.278929   0.431555
      0.27   0.952538   0.281418   0.434475
      0.28    0.95099   0.284893    0.43844
      0.29   0.950925   0.288141    0.44227
       0.3   0.948926    0.29354   0.448379
      0.31   0.947056   0.300525   0.456266
      0.32   0.945444   0.305408   0.461679
      0.33   0.944541   0.314906   0.472337
      0.34   0.942026   0.321952   0.479893
      0.35   0.939447   0.330485   0.488961
      0.36   0.935449   0.338252   0.496848
      0.37    0.92268   0.350503   0.508021
      0.38   0.914813   0.358388   0.515014
      0.39   0.885342   0.369855   0.521747
       0.4   0.875863   0.377023   0.527135
      0.41   0.855162   0.390234   0.535915
      0.42   0.830012   0.404671   0.544078
      0.43   0.811118   0.413932   0.548137
      0.44   0.772232   0.428339   0.551033
      0.45   0.749726   0.439645   0.554265
      0.46   0.717998   0.452698   0.555287
      0.47     0.6933   0.464062   0.555978
      0.48   0.649449   0.470819   0.545892
      0.49   0.630038   0.474279   0.541174
       0.5   0.578126   0.476437   0.522379
      0.51   0.537757   0.481806   0.508247
      0.52    0.51293   0.488197   0.500258
      0.53   0.471787   0.502285   0.486559
      0.54   0.455407   0.513464   0.482696
      0.55   0.423551   0.531679   0.471495
      0.56   0.399304   0.541642   0.459707
      0.57   0.355904   0.556434   0.434131
      0.58   0.313987   0.557143   0.401629
      0.59   0.259431   0.567245   0.356031
       0.6   0.224931      0.565   0.321765
      0.61   0.189914   0.556082   0.283133
      0.62   0.140904   0.507277   0.220548
      0.63   0.105114   0.453165   0.170646
      0.64  0.0740311   0.375862   0.123698
      0.65  0.0466241   0.295652  0.0805461
      0.66  0.0325659   0.272727  0.0581842
      0.67  0.0292126   0.265432  0.0526326
      0.68  0.0183143   0.198413  0.0335334
      0.69  0.0105759   0.163462  0.0198664
       0.7 0.00709357   0.118421  0.0133853
      0.71 0.00393371  0.0526316 0.00732029
      0.72          0          0          0
      0.73          0          0          0
      0.74          0          0          0
      0.75          0          0          0
      0.76          0          0          0
      0.77          0          0          0
      0.78          0          0          0
      0.79          0          0          0
       0.8          0          0          0
      0.81          0          0          0
      0.82          0          0          0
      0.83          0          0          0
      0.84          0          0          0
      0.85          0          0          0
      0.86          0          0          0
      0.87          0          0          0
      0.88          0          0          0
      0.89          0          0          0
       0.9          0          0          0
      0.91          0          0          0
      0.92          0          0          0
      0.93          0          0          0
      0.94          0          0          0
      0.95          0          0          0
      0.96          0          0          0
      0.97          0          0          0
      0.98          0          0          0
      0.99          0          0          0
