         0          1   0.193017   0.323578
      0.01   0.936594   0.260743   0.407922
      0.02   0.936594   0.260743   0.407922
      0.03   0.936594   0.260743   0.407922
      0.04   0.936594   0.260743   0.407922
      0.05   0.936594   0.260743   0.407922
      0.06   0.936594   0.260743   0.407922
      0.07   0.936594   0.260743   0.407922
      0.08   0.936594   0.260743   0.407922
      0.09   0.936594   0.260743   0.407922
       0.1   0.936594   0.260743   0.407922
      0.11   0.936594   0.260743   0.407922
      0.12   0.936594   0.260743   0.407922
      0.13   0.936594   0.260743   0.407922
      0.14   0.936594   0.260743   0.407922
      0.15   0.936594   0.260883   0.408094
      0.16   0.936594   0.261003    0.40824
      0.17   0.936594    0.26123   0.408518
      0.18   0.936594   0.261535   0.408891
      0.19   0.936594    0.26265   0.410252
       0.2   0.936594   0.264127   0.412053
      0.21   0.936594   0.267866   0.416587
      0.22   0.936594   0.273188   0.422996
      0.23   0.936594   0.278156   0.428926
      0.24    0.93623   0.286769   0.439055
      0.25   0.936169   0.294473    0.44802
      0.26   0.935623   0.308552   0.464064
      0.27   0.934895   0.319491   0.476234
      0.28   0.930465   0.339146   0.497103
      0.29   0.928402   0.352356   0.510835
       0.3   0.911777   0.375992   0.532426
      0.31   0.892179   0.404471   0.556605
      0.32   0.886597   0.421091    0.57099
      0.33   0.874279   0.445266   0.590032
      0.34   0.858989   0.466261   0.604434
      0.35   0.828651   0.505768   0.628147
      0.36   0.814635   0.534584   0.645545
      0.37   0.792124   0.574587   0.666043
      0.38   0.783751   0.607557   0.684497
      0.39   0.768764    0.66129   0.710989
       0.4   0.749833    0.69864   0.723332
      0.41   0.729264    0.75317   0.741024
      0.42   0.705297   0.802685   0.750846
      0.43    0.68491   0.827421   0.749451
      0.44   0.662217   0.864244   0.749861
      0.45    0.64905   0.896612   0.753006
      0.46   0.622353    0.94426   0.750234
      0.47   0.607184   0.953878   0.742033
      0.48   0.582489   0.960565   0.725209
      0.49   0.564407   0.964706   0.712161
       0.5   0.541715   0.963824   0.693596
      0.51   0.514289   0.965877   0.671195
      0.52   0.491778    0.96334    0.65115
      0.53   0.451065   0.961187   0.613995
      0.54   0.434925   0.960688   0.598772
      0.55   0.364116    0.95942    0.52789
      0.56   0.335599    0.96118   0.497495
      0.57   0.310721   0.966216   0.470225
      0.58   0.294521   0.968254   0.451658
      0.59   0.276864   0.968627   0.430638
       0.6   0.245313   0.969631   0.391562
      0.61   0.217098   0.972973   0.354989
      0.62   0.187974   0.988858   0.315898
      0.63   0.175778   0.993958   0.298727
      0.64   0.157575    0.99322   0.271998
      0.65   0.134519   0.992126   0.236915
      0.66   0.111583   0.989529   0.200551
      0.67  0.0837328   0.985714   0.154354
      0.68   0.063285   0.990566   0.118969
      0.69  0.0506644   0.986111  0.0963771
       0.7  0.0291851          1   0.056715
      0.71          0          0          0
      0.72          0          0          0
      0.73          0          0          0
      0.74          0          0          0
      0.75          0          0          0
      0.76          0          0          0
      0.77          0          0          0
      0.78          0          0          0
      0.79          0          0          0
       0.8          0          0          0
      0.81          0          0          0
      0.82          0          0          0
      0.83          0          0          0
      0.84          0          0          0
      0.85          0          0          0
      0.86          0          0          0
      0.87          0          0          0
      0.88          0          0          0
      0.89          0          0          0
       0.9          0          0          0
      0.91          0          0          0
      0.92          0          0          0
      0.93          0          0          0
      0.94          0          0          0
      0.95          0          0          0
      0.96          0          0          0
      0.97          0          0          0
      0.98          0          0          0
      0.99          0          0          0
