         0          1   0.282356    0.44037
      0.01   0.891836   0.343472   0.495943
      0.02   0.891836   0.343472   0.495943
      0.03   0.891836   0.343472   0.495943
      0.04   0.891836   0.343472   0.495943
      0.05   0.891836   0.343472   0.495943
      0.06   0.891836   0.343472   0.495943
      0.07   0.891836   0.343472   0.495943
      0.08   0.891836   0.343472   0.495943
      0.09   0.891836   0.343472   0.495943
       0.1   0.891836   0.343472   0.495943
      0.11   0.891836   0.343472   0.495943
      0.12   0.891836   0.343472   0.495943
      0.13   0.891836   0.343488   0.495959
      0.14   0.891836   0.343488   0.495959
      0.15   0.891836   0.343504   0.495976
      0.16   0.891836    0.34352   0.495993
      0.17   0.891836     0.3436   0.496076
      0.18   0.891836   0.343728   0.496209
      0.19   0.891836   0.343904   0.496393
       0.2   0.891836   0.343986   0.496478
      0.21   0.891836   0.344549   0.497064
      0.22    0.89161   0.345376   0.497889
      0.23    0.89161   0.346177   0.498721
      0.24    0.89161   0.347793   0.500396
      0.25    0.89161   0.349352   0.502007
      0.26    0.89161   0.352397   0.505143
      0.27    0.89161   0.354837   0.507645
      0.28    0.89161   0.359371   0.512268
      0.29    0.89161   0.362588   0.515528
       0.3   0.891498   0.369166   0.522123
      0.31   0.890991   0.376305   0.529134
      0.32   0.890259   0.381698   0.534311
      0.33   0.888063   0.391022   0.542969
      0.34   0.885923   0.398816   0.550027
      0.35   0.884291   0.409283   0.559574
      0.36   0.881869   0.415136   0.564525
      0.37   0.876014   0.425014   0.572344
      0.38    0.86723   0.432632   0.577279
      0.39   0.855349   0.445966   0.586263
       0.4   0.846622   0.453113   0.590298
      0.41   0.822297    0.46326   0.592642
      0.42   0.787838      0.469   0.587977
      0.43   0.758502   0.475925    0.58487
      0.44   0.719538    0.48545   0.579756
      0.45    0.67866   0.492342   0.570678
      0.46   0.614133        0.5    0.55122
      0.47   0.589809   0.512046   0.548183
      0.48   0.531306   0.522623   0.526929
      0.49   0.496734   0.532747   0.514111
       0.5   0.433615   0.550725   0.485203
      0.51   0.373592    0.56008   0.448212
      0.52   0.343412   0.561076   0.426054
      0.53   0.290766   0.561606   0.383156
      0.54   0.248311   0.554786    0.34307
      0.55   0.205687   0.548216   0.299139
      0.56   0.191498   0.551577   0.284294
      0.57   0.160473   0.550916   0.248548
      0.58   0.147072   0.557471   0.232742
      0.59   0.131532   0.573427   0.213981
       0.6   0.115034     0.5936    0.19272
      0.61   0.103547   0.625767   0.177692
      0.62  0.0935811   0.663342   0.164023
      0.63  0.0847973   0.707101   0.151434
      0.64  0.0743243   0.761364   0.135428
      0.65  0.0688063   0.824074   0.127008
      0.66  0.0581081   0.959732   0.109581
      0.67  0.0488176   0.974359  0.0929768
      0.68  0.0390203          1  0.0751097
      0.69  0.0301802          1   0.058592
       0.7  0.0221847          1  0.0434064
      0.71 0.00472973          1 0.00941493
      0.72 0.00287162          1  0.0057268
      0.73          0          0          0
      0.74          0          0          0
      0.75          0          0          0
      0.76          0          0          0
      0.77          0          0          0
      0.78          0          0          0
      0.79          0          0          0
       0.8          0          0          0
      0.81          0          0          0
      0.82          0          0          0
      0.83          0          0          0
      0.84          0          0          0
      0.85          0          0          0
      0.86          0          0          0
      0.87          0          0          0
      0.88          0          0          0
      0.89          0          0          0
       0.9          0          0          0
      0.91          0          0          0
      0.92          0          0          0
      0.93          0          0          0
      0.94          0          0          0
      0.95          0          0          0
      0.96          0          0          0
      0.97          0          0          0
      0.98          0          0          0
      0.99          0          0          0
