         0          1   0.150167   0.261123
      0.01   0.863839   0.166429   0.279088
      0.02   0.863839   0.166429   0.279088
      0.03   0.863839   0.166429   0.279088
      0.04   0.863839   0.166429   0.279088
      0.05   0.863839   0.166429   0.279088
      0.06   0.863839   0.166429   0.279088
      0.07   0.863839   0.166429   0.279088
      0.08   0.863839   0.166429   0.279088
      0.09   0.863839   0.166429   0.279088
       0.1   0.863839   0.166429   0.279088
      0.11   0.863839   0.166429   0.279088
      0.12   0.863839   0.166429   0.279088
      0.13   0.863839   0.166429   0.279088
      0.14   0.863839   0.166429   0.279088
      0.15   0.863839   0.166429   0.279088
      0.16   0.863839   0.166445   0.279111
      0.17   0.863839   0.166462   0.279134
      0.18   0.863839   0.166486   0.279169
      0.19   0.863839   0.166511   0.279203
       0.2   0.863839   0.166519   0.279215
      0.21   0.863839   0.166601    0.27933
      0.22   0.863839    0.16679   0.279596
      0.23   0.863839   0.167071    0.27999
      0.24   0.863744   0.167479   0.280558
      0.25   0.863744   0.168276   0.281675
      0.26   0.863744    0.16972   0.283695
      0.27   0.863554   0.170942   0.285391
      0.28   0.863554   0.173001   0.288254
      0.29    0.86346   0.174049   0.289702
       0.3   0.863365   0.176264   0.292758
      0.31    0.86289   0.179073   0.296594
      0.32     0.8627   0.181559   0.299986
      0.33   0.862511   0.184929   0.304558
      0.34   0.861846   0.188505   0.309348
      0.35   0.859379   0.191417   0.313096
      0.36   0.856058   0.193501   0.315653
      0.37   0.847139   0.195968   0.318304
      0.38   0.840213   0.197898   0.320344
      0.39   0.806718   0.199682   0.320126
       0.4   0.792959   0.203613   0.324025
      0.41   0.773223   0.210709   0.331172
      0.42   0.723503   0.211301   0.327079
      0.43   0.695607    0.21245    0.32549
      0.44   0.657558   0.218409   0.327904
      0.45   0.631559    0.22102   0.327447
      0.46   0.591612     0.2244   0.325382
      0.47   0.562482   0.228625   0.325107
      0.48   0.523105   0.232927   0.322329
      0.49   0.492836   0.237099   0.320168
       0.5   0.446722   0.239753   0.312037
      0.51   0.413796   0.252267   0.313445
      0.52   0.366923   0.249149   0.296778
      0.53   0.325742   0.249908    0.28283
      0.54   0.293576   0.247903   0.268813
      0.55   0.246513   0.250647   0.248563
      0.56   0.214916   0.245941   0.229384
      0.57   0.180473   0.244118   0.207525
      0.58   0.155518   0.252313   0.192428
      0.59   0.140621   0.272919   0.185607
       0.6   0.128001   0.291667    0.17792
      0.61   0.119461     0.3104   0.172524
      0.62  0.0981118   0.336406   0.151917
      0.63  0.0880539   0.377976   0.142833
      0.64  0.0686972   0.415966    0.11792
      0.65  0.0592087   0.462366   0.104975
      0.66  0.0479173   0.576271  0.0884776
      0.67  0.0402315   0.701149  0.0760967
      0.68  0.0314072   0.944444  0.0607927
      0.69  0.0291299          1  0.0566107
       0.7  0.0131891          1  0.0260348
      0.71 0.00825505          1  0.0163749
      0.72          0          0          0
      0.73          0          0          0
      0.74          0          0          0
      0.75          0          0          0
      0.76          0          0          0
      0.77          0          0          0
      0.78          0          0          0
      0.79          0          0          0
       0.8          0          0          0
      0.81          0          0          0
      0.82          0          0          0
      0.83          0          0          0
      0.84          0          0          0
      0.85          0          0          0
      0.86          0          0          0
      0.87          0          0          0
      0.88          0          0          0
      0.89          0          0          0
       0.9          0          0          0
      0.91          0          0          0
      0.92          0          0          0
      0.93          0          0          0
      0.94          0          0          0
      0.95          0          0          0
      0.96          0          0          0
      0.97          0          0          0
      0.98          0          0          0
      0.99          0          0          0
