         0          1   0.230724    0.37494
      0.01   0.818666   0.202446   0.324618
      0.02   0.818666   0.202446   0.324618
      0.03   0.818666   0.202446   0.324618
      0.04   0.818666   0.202446   0.324618
      0.05   0.818666   0.202446   0.324618
      0.06   0.818666   0.202446   0.324618
      0.07   0.818666   0.202446   0.324618
      0.08   0.818666   0.202446   0.324618
      0.09   0.818666   0.202446   0.324618
       0.1   0.818666   0.202446   0.324618
      0.11   0.818666   0.202446   0.324618
      0.12   0.818666   0.202446   0.324618
      0.13   0.818666   0.202446   0.324618
      0.14   0.818666   0.202446   0.324618
      0.15   0.818666   0.202446   0.324618
      0.16   0.818666   0.202446   0.324618
      0.17   0.818666   0.202468   0.324646
      0.18   0.818666   0.202454   0.324628
      0.19   0.818666   0.202483   0.324666
       0.2   0.818666   0.202571   0.324779
      0.21   0.818666   0.202697    0.32494
      0.22   0.818666   0.202972   0.325294
      0.23   0.818666   0.203257   0.325659
      0.24   0.818666   0.203861   0.326434
      0.25   0.818497   0.204483   0.327218
      0.26   0.816382   0.204995   0.327703
      0.27   0.815789   0.205867   0.328768
      0.28   0.814774   0.207072    0.33022
      0.29   0.811812   0.208567   0.331871
       0.3   0.803859   0.210651   0.333824
      0.31   0.795989   0.213893   0.337181
      0.32   0.788204   0.217902   0.341417
      0.33   0.768573    0.22355   0.346357
      0.34   0.756981   0.228191   0.350672
      0.35   0.732696   0.233834   0.354524
      0.36   0.719242   0.239214   0.359021
      0.37   0.677018   0.246916   0.361859
      0.38   0.647995   0.251333   0.362187
      0.39    0.60704   0.260909   0.364957
       0.4    0.59164   0.266514   0.367487
      0.41   0.550178   0.275527   0.367174
      0.42   0.512354   0.285004   0.366267
      0.43   0.479777   0.291529   0.362681
      0.44   0.431037    0.29698   0.351666
      0.45   0.404806   0.300336   0.344832
      0.46   0.362836   0.306022   0.332016
      0.47   0.335844   0.310163   0.322493
      0.48   0.294974   0.318621   0.306342
      0.49   0.263496    0.32578   0.291347
       0.5   0.219073   0.326746   0.262289
      0.51   0.185311   0.332385   0.237956
      0.52   0.162379   0.339225   0.219628
      0.53   0.141141   0.358407   0.202526
      0.54   0.123371    0.38207   0.186516
      0.55   0.100525   0.419771   0.162205
      0.56  0.0849552   0.441941   0.142514
      0.57  0.0781012   0.487585   0.134636
      0.58  0.0712472   0.494681   0.124555
      0.59  0.0627856   0.537671   0.112441
       0.6  0.0577932   0.584362   0.105184
      0.61  0.0480623   0.647059  0.0894783
      0.62  0.0324928   0.720721  0.0621822
      0.63  0.0278389   0.759036   0.053708
      0.64  0.0217465   0.909091  0.0424769
      0.65  0.0182772          1  0.0358983
      0.66  0.0126079          1  0.0249018
      0.67 0.00803859          1   0.015949
      0.68  0.0055847          1  0.0111074
      0.69 0.00541547          1  0.0107726
       0.7 0.00372313          1 0.00741865
      0.71          0          0          0
      0.72          0          0          0
      0.73          0          0          0
      0.74          0          0          0
      0.75          0          0          0
      0.76          0          0          0
      0.77          0          0          0
      0.78          0          0          0
      0.79          0          0          0
       0.8          0          0          0
      0.81          0          0          0
      0.82          0          0          0
      0.83          0          0          0
      0.84          0          0          0
      0.85          0          0          0
      0.86          0          0          0
      0.87          0          0          0
      0.88          0          0          0
      0.89          0          0          0
       0.9          0          0          0
      0.91          0          0          0
      0.92          0          0          0
      0.93          0          0          0
      0.94          0          0          0
      0.95          0          0          0
      0.96          0          0          0
      0.97          0          0          0
      0.98          0          0          0
      0.99          0          0          0
