         0          1   0.253826   0.404882
      0.01    0.93237   0.327067   0.484261
      0.02    0.93237   0.327067   0.484261
      0.03    0.93237   0.327067   0.484261
      0.04    0.93237   0.327067   0.484261
      0.05    0.93237   0.327067   0.484261
      0.06    0.93237   0.327067   0.484261
      0.07    0.93237   0.327067   0.484261
      0.08    0.93237   0.327067   0.484261
      0.09    0.93237   0.327067   0.484261
       0.1    0.93237   0.327067   0.484261
      0.11    0.93237   0.327067   0.484261
      0.12    0.93237   0.327067   0.484261
      0.13    0.93237   0.327067   0.484261
      0.14    0.93237     0.3271   0.484296
      0.15    0.93237   0.327116   0.484314
      0.16    0.93237   0.327116   0.484314
      0.17    0.93237   0.327198   0.484403
      0.18    0.93237   0.327262   0.484474
      0.19    0.93237   0.327538   0.484776
       0.2    0.93237   0.327945   0.485222
      0.21    0.93237   0.329159   0.486549
      0.22    0.93237   0.330913   0.488463
      0.23    0.93237   0.332911   0.490636
      0.24    0.93237    0.33583   0.493799
      0.25   0.932316   0.338012   0.496146
      0.26   0.932097   0.341334   0.499683
      0.27   0.931768   0.344592   0.503118
      0.28   0.931276   0.348776    0.50749
      0.29   0.931221   0.353091   0.512035
       0.3   0.930401   0.359892    0.51902
      0.31   0.928759   0.366606   0.525703
      0.32    0.92657   0.373512   0.532405
      0.33   0.919567   0.381402   0.539175
      0.34   0.910921   0.388032   0.544233
      0.35   0.897406   0.397108   0.550581
      0.36   0.886791   0.405094   0.556139
      0.37   0.856916    0.41857    0.56242
      0.38   0.838805   0.429207   0.567851
      0.39   0.808875   0.452198   0.580096
       0.4   0.789888   0.466549   0.586614
      0.41    0.76554   0.492208   0.599174
      0.42   0.731232   0.522764    0.60967
      0.43    0.70371   0.542156   0.612458
      0.44   0.648337   0.569717   0.606489
      0.45   0.612224   0.590144   0.600981
      0.46   0.547768   0.625832   0.584203
      0.47   0.522051   0.658733   0.582481
      0.48   0.477074   0.703559   0.568593
      0.49   0.445721   0.733698   0.554552
       0.5   0.403972   0.774522   0.530992
      0.51   0.369009   0.815296   0.508064
      0.52   0.342526   0.841453   0.486866
      0.53   0.299081   0.853659   0.442967
      0.54   0.272598   0.857651   0.413703
      0.55   0.221985   0.877037   0.354295
      0.56   0.188663   0.884157    0.31097
      0.57   0.159991   0.896266   0.271515
      0.58   0.143412   0.906801   0.247657
      0.59  0.0985445   0.918288   0.177989
       0.6   0.081473    0.90411   0.149476
      0.61  0.0647844   0.915152   0.121003
      0.62  0.0489166   0.955357  0.0930679
      0.63   0.037645   0.956044  0.0724377
      0.64  0.0304771   0.972222  0.0591015
      0.65  0.0234734    0.96875  0.0458362
      0.66  0.0196432   0.982759  0.0385166
      0.67  0.0190961   0.980392  0.0374625
      0.68  0.0188772          1  0.0370549
      0.69  0.0186583          1  0.0366332
       0.7  0.0170169          1  0.0334642
      0.71  0.0161961          1  0.0318759
      0.72  0.0152659          1  0.0300728
      0.73  0.0124207          1  0.0245366
      0.74 0.00919238          1  0.0182173
      0.75          0          0          0
      0.76          0          0          0
      0.77          0          0          0
      0.78          0          0          0
      0.79          0          0          0
       0.8          0          0          0
      0.81          0          0          0
      0.82          0          0          0
      0.83          0          0          0
      0.84          0          0          0
      0.85          0          0          0
      0.86          0          0          0
      0.87          0          0          0
      0.88          0          0          0
      0.89          0          0          0
       0.9          0          0          0
      0.91          0          0          0
      0.92          0          0          0
      0.93          0          0          0
      0.94          0          0          0
      0.95          0          0          0
      0.96          0          0          0
      0.97          0          0          0
      0.98          0          0          0
      0.99          0          0          0
