         0          1   0.418411   0.589971
      0.01   0.978448   0.544077   0.699301
      0.02   0.978448   0.544077   0.699301
      0.03   0.978448   0.544077   0.699301
      0.04   0.978448   0.544077   0.699301
      0.05   0.978448   0.544077   0.699301
      0.06   0.978448   0.544077   0.699301
      0.07   0.978448   0.544077   0.699301
      0.08   0.978448   0.544077   0.699301
      0.09   0.978448   0.544077   0.699301
       0.1   0.978448   0.544077   0.699301
      0.11   0.978448   0.544077   0.699301
      0.12   0.978448   0.544077   0.699301
      0.13   0.978448   0.544077   0.699301
      0.14   0.978448   0.544077   0.699301
      0.15   0.978448   0.544077   0.699301
      0.16   0.978448   0.544077   0.699301
      0.17   0.978448    0.54424   0.699435
      0.18   0.978448    0.54443   0.699592
      0.19   0.978448   0.545355   0.700355
       0.2   0.978448   0.546912   0.701637
      0.21   0.978448   0.550247   0.704376
      0.22   0.978448   0.552424   0.706157
      0.23   0.978448   0.554134   0.707553
      0.24   0.978448   0.555442   0.708618
      0.25   0.978448   0.555896   0.708987
      0.26   0.978448   0.556961   0.709853
      0.27   0.978448   0.557814   0.710545
      0.28   0.978448   0.559276    0.71173
      0.29   0.978448   0.560531   0.712746
       0.3   0.978448   0.562673   0.714475
      0.31   0.978448   0.566806   0.717798
      0.32   0.978448   0.569421   0.719891
      0.33   0.978321   0.573672   0.723245
      0.34   0.978321   0.578128   0.726776
      0.35   0.977467   0.584879   0.731848
      0.36   0.977309   0.588471   0.734609
      0.37   0.975378   0.593482   0.737949
      0.38   0.975283   0.596276   0.740078
      0.39   0.974397   0.600705   0.743222
       0.4    0.97291   0.603741   0.745106
      0.41   0.969523   0.606364   0.746099
      0.42   0.963099   0.609651   0.746659
      0.43   0.954807   0.611197   0.745305
      0.44   0.937591   0.613268   0.741518
      0.45   0.928951   0.612438   0.738198
      0.46   0.904741   0.612344   0.730365
      0.47   0.894772   0.612194   0.726989
      0.48   0.872903   0.612586   0.719936
      0.49   0.850687   0.612814   0.712419
       0.5   0.813374   0.618802   0.702871
      0.51    0.77296   0.643192   0.702131
      0.52   0.741693    0.66829   0.703081
      0.53   0.694759    0.71918   0.706759
      0.54   0.668682   0.754768   0.709122
      0.55   0.631053       0.81   0.709416
      0.56   0.600006   0.839684   0.699895
      0.57   0.549149    0.87101   0.673607
      0.58   0.520982   0.893592   0.658213
      0.59   0.477499   0.911205   0.626626
       0.6   0.440534    0.93397   0.598682
      0.61     0.4005   0.940568   0.561787
      0.62   0.355624   0.951327   0.517716
      0.63    0.32559    0.95462   0.485569
      0.64   0.280777   0.962007   0.434685
      0.65   0.242642   0.963298   0.387642
      0.66   0.195645   0.961426   0.325129
      0.67   0.163333   0.963899   0.279333
      0.68   0.105481       0.96   0.190078
      0.69  0.0738654       0.95   0.137073
       0.7  0.0483891   0.941748  0.0920486
      0.71  0.0337363   0.957265  0.0651757
      0.72  0.0153807          1  0.0302955
      0.73 0.000443066          1 0.00088574
      0.74          0          0          0
      0.75          0          0          0
      0.76          0          0          0
      0.77          0          0          0
      0.78          0          0          0
      0.79          0          0          0
       0.8          0          0          0
      0.81          0          0          0
      0.82          0          0          0
      0.83          0          0          0
      0.84          0          0          0
      0.85          0          0          0
      0.86          0          0          0
      0.87          0          0          0
      0.88          0          0          0
      0.89          0          0          0
       0.9          0          0          0
      0.91          0          0          0
      0.92          0          0          0
      0.93          0          0          0
      0.94          0          0          0
      0.95          0          0          0
      0.96          0          0          0
      0.97          0          0          0
      0.98          0          0          0
      0.99          0          0          0
