         0          1   0.223412   0.365227
      0.01   0.960881     0.3081   0.466591
      0.02   0.960881     0.3081   0.466591
      0.03   0.960881     0.3081   0.466591
      0.04   0.960881     0.3081   0.466591
      0.05   0.960881     0.3081   0.466591
      0.06   0.960881     0.3081   0.466591
      0.07   0.960881     0.3081   0.466591
      0.08   0.960881     0.3081   0.466591
      0.09   0.960881     0.3081   0.466591
       0.1   0.960881     0.3081   0.466591
      0.11   0.960881     0.3081   0.466591
      0.12   0.960881     0.3081   0.466591
      0.13   0.960881     0.3081   0.466591
      0.14   0.960881     0.3081   0.466591
      0.15   0.960881   0.308114   0.466607
      0.16   0.960881   0.308114   0.466607
      0.17   0.960881   0.308141   0.466638
      0.18   0.960881   0.308168   0.466669
      0.19   0.960881   0.308121   0.466615
       0.2   0.960881   0.308158   0.466658
      0.21   0.960881   0.308261   0.466775
      0.22   0.960881   0.308391   0.466924
      0.23   0.960881   0.308504   0.467053
      0.24   0.960881   0.308929    0.46754
      0.25   0.960881   0.309239   0.467896
      0.26   0.960881   0.309825   0.468566
      0.27   0.960881   0.310115   0.468897
      0.28   0.960811    0.31096   0.469854
      0.29   0.960318   0.311172   0.470037
       0.3   0.960107   0.312136   0.471111
      0.31   0.958348   0.312107   0.470866
      0.32   0.957363   0.311675   0.470256
      0.33   0.954971   0.311142    0.46936
      0.34   0.953353   0.310996   0.468999
      0.35   0.947513   0.309853   0.466991
      0.36   0.939492   0.309674   0.465809
      0.37   0.932878   0.309273   0.464539
      0.38   0.925631   0.308356   0.462604
      0.39   0.917611   0.307697   0.460857
       0.4    0.90966    0.30581   0.457737
      0.41   0.895589   0.302903   0.452697
      0.42   0.870119   0.300212   0.446403
      0.43   0.848238   0.298626   0.441737
      0.44   0.812073   0.293203   0.430847
      0.45   0.780272   0.289138   0.421927
      0.46   0.726307   0.286149    0.41055
      0.47   0.698586   0.281105   0.400894
      0.48    0.63456   0.275172   0.383878
      0.49   0.594596   0.270764   0.372088
       0.5   0.527756   0.264405   0.352305
      0.51   0.464645   0.259571   0.333073
      0.52   0.412299   0.257871   0.317292
      0.53   0.337297   0.260075   0.293695
      0.54   0.289031   0.258023   0.272648
      0.55   0.230001   0.265448   0.246456
      0.56   0.200521   0.280692   0.233928
      0.57   0.164005   0.312404   0.215092
      0.58   0.138043   0.332373   0.195068
      0.59   0.107507   0.349162   0.164397
       0.6  0.0845001     0.3663   0.137322
      0.61  0.0559347   0.429878  0.0989892
      0.62  0.0389784   0.548718  0.0727864
      0.63  0.0323647   0.679104  0.0617849
      0.64  0.0263843     0.6875  0.0508183
      0.65  0.0211778   0.652778  0.0410246
      0.66  0.0168859   0.636364  0.0328989
      0.67  0.0154788   0.659091  0.0302472
      0.68 0.00731724   0.555556  0.0144442
      0.69 0.00358826   0.333333  0.0071001
       0.7          0          0          0
      0.71          0          0          0
      0.72          0          0          0
      0.73          0          0          0
      0.74          0          0          0
      0.75          0          0          0
      0.76          0          0          0
      0.77          0          0          0
      0.78          0          0          0
      0.79          0          0          0
       0.8          0          0          0
      0.81          0          0          0
      0.82          0          0          0
      0.83          0          0          0
      0.84          0          0          0
      0.85          0          0          0
      0.86          0          0          0
      0.87          0          0          0
      0.88          0          0          0
      0.89          0          0          0
       0.9          0          0          0
      0.91          0          0          0
      0.92          0          0          0
      0.93          0          0          0
      0.94          0          0          0
      0.95          0          0          0
      0.96          0          0          0
      0.97          0          0          0
      0.98          0          0          0
      0.99          0          0          0
