         0          1   0.176689   0.300316
      0.01   0.890606   0.165553   0.279205
      0.02   0.890606   0.165553   0.279205
      0.03   0.890606   0.165553   0.279205
      0.04   0.890606   0.165553   0.279205
      0.05   0.890606   0.165553   0.279205
      0.06   0.890606   0.165553   0.279205
      0.07   0.890606   0.165553   0.279205
      0.08   0.890606   0.165553   0.279205
      0.09   0.890606   0.165553   0.279205
       0.1   0.890606   0.165553   0.279205
      0.11   0.890606   0.165553   0.279205
      0.12   0.890606   0.165553   0.279205
      0.13   0.890606   0.165553   0.279205
      0.14   0.890606   0.165553   0.279205
      0.15   0.890606   0.165553   0.279205
      0.16   0.890606   0.165567   0.279225
      0.17   0.890606   0.165604   0.279278
      0.18   0.890606   0.165626   0.279309
      0.19   0.890606   0.165656   0.279351
       0.2   0.890606    0.16573   0.279456
      0.21   0.890606   0.166048   0.279909
      0.22   0.890606   0.166435   0.280459
      0.23   0.890606   0.166719   0.280862
      0.24   0.890441   0.167472   0.281921
      0.25   0.890359   0.168066   0.282758
      0.26   0.890195   0.169239   0.284408
      0.27   0.889373   0.170061   0.285526
      0.28   0.888469   0.172064   0.288295
      0.29   0.888469   0.173783   0.290704
       0.3   0.887483   0.176344   0.294225
      0.31   0.886003    0.18016   0.299433
      0.32    0.88477   0.182719   0.302886
      0.33   0.881976   0.187524   0.309287
      0.34   0.879428   0.190007   0.312496
      0.35   0.872031   0.194068   0.317481
      0.36   0.861511   0.196993   0.320664
      0.37   0.854607   0.202552   0.327486
      0.38   0.849182    0.20518   0.330503
      0.39   0.831429   0.209175   0.334257
       0.4   0.816142   0.211756   0.336265
      0.41   0.793129   0.215657   0.339109
      0.42   0.775129   0.218196   0.340534
      0.43   0.760007   0.220355   0.341652
      0.44   0.731405   0.220609   0.338975
      0.45   0.717021   0.220881   0.337725
      0.46   0.687187   0.218503   0.331576
      0.47   0.648064   0.217806   0.326035
      0.48   0.606805   0.223651   0.326839
      0.49   0.579765   0.224712   0.323888
       0.5   0.537109   0.229358   0.321449
      0.51   0.500534   0.236206   0.320952
      0.52   0.478672   0.242622   0.322022
      0.53    0.43807   0.246109    0.31516
      0.54   0.412756   0.246569   0.308718
      0.55   0.367469   0.251852   0.298869
      0.56   0.336813   0.252239   0.288454
      0.57   0.318484   0.261387   0.287125
      0.58   0.289143   0.258608   0.273024
      0.59    0.26802   0.264844   0.266423
       0.6   0.256267   0.269631   0.262779
      0.61   0.242706    0.26973   0.255505
      0.62    0.21961   0.264761   0.240081
      0.63   0.205967   0.266157   0.232225
      0.64   0.184187    0.27265   0.219853
      0.65   0.166269   0.278044   0.208097
      0.66   0.159119    0.30257   0.208559
      0.67   0.150982   0.311741   0.203436
      0.68    0.13175   0.332753   0.188762
      0.69   0.118353   0.351129   0.177034
       0.7  0.0959974   0.372781   0.152678
      0.71  0.0709296   0.390041   0.120031
      0.72  0.0639435   0.427027   0.111231
      0.73  0.0526835   0.466102  0.0946668
      0.74  0.0357524      0.525  0.0669459
      0.75   0.023424   0.777778  0.0454784
      0.76  0.0109312          1   0.021626
      0.77  0.0031232          1 0.00622696
      0.78          0          0          0
      0.79          0          0          0
       0.8          0          0          0
      0.81          0          0          0
      0.82          0          0          0
      0.83          0          0          0
      0.84          0          0          0
      0.85          0          0          0
      0.86          0          0          0
      0.87          0          0          0
      0.88          0          0          0
      0.89          0          0          0
       0.9          0          0          0
      0.91          0          0          0
      0.92          0          0          0
      0.93          0          0          0
      0.94          0          0          0
      0.95          0          0          0
      0.96          0          0          0
      0.97          0          0          0
      0.98          0          0          0
      0.99          0          0          0
