         0          1   0.263807   0.417479
      0.01   0.972162   0.455427   0.620275
      0.02   0.972162   0.455427   0.620275
      0.03   0.972162   0.455427   0.620275
      0.04   0.972162   0.455427   0.620275
      0.05   0.972162   0.455427   0.620275
      0.06   0.972162   0.455427   0.620275
      0.07   0.972162   0.455427   0.620275
      0.08   0.972162   0.455427   0.620275
      0.09   0.972162   0.455427   0.620275
       0.1   0.972162   0.455427   0.620275
      0.11   0.972162   0.455427   0.620275
      0.12   0.972162   0.455427   0.620275
      0.13   0.972162   0.455427   0.620275
      0.14   0.972162   0.455457   0.620303
      0.15   0.972162   0.455451   0.620298
      0.16   0.972162   0.455542   0.620382
      0.17   0.972162   0.455748   0.620573
      0.18   0.972162     0.4559   0.620714
      0.19   0.972162    0.45649    0.62126
       0.2   0.972162   0.457215   0.621932
      0.21   0.972162   0.458719   0.623321
      0.22   0.972162   0.461201   0.625609
      0.23   0.972162   0.463436   0.627662
      0.24   0.972162   0.467334   0.631227
      0.25   0.971822   0.470955   0.634449
      0.26   0.971671   0.477124    0.63999
      0.27   0.971483   0.481682   0.644037
      0.28   0.971369   0.489624   0.651072
      0.29   0.971294   0.495427   0.656165
       0.3   0.971143   0.505566   0.664961
      0.31   0.970992   0.515303   0.673292
      0.32   0.969443   0.522528   0.679049
      0.33   0.968385   0.535654   0.689768
      0.34   0.966988   0.542782    0.69529
      0.35   0.965061   0.557086   0.706399
      0.36   0.962871   0.566689   0.713471
      0.37   0.958036   0.581428   0.723666
      0.38   0.954372   0.593062   0.731536
      0.39   0.945382   0.611732   0.742811
       0.4   0.941039   0.624956   0.751098
      0.41   0.931029   0.648549   0.764531
      0.42   0.915656   0.671022    0.77448
      0.43   0.904098   0.684805   0.779319
      0.44   0.876336   0.699901   0.778244
      0.45   0.853258   0.712266   0.776413
      0.46   0.798225   0.732017   0.763689
      0.47   0.772351   0.744145   0.757986
      0.48   0.715581   0.759342   0.736812
      0.49   0.688499   0.792139   0.736692
       0.5   0.638149     0.8221   0.718538
      0.51   0.589839   0.846443   0.695219
      0.52   0.553692   0.861997   0.674274
      0.53   0.489821   0.879372    0.62918
      0.54   0.435958    0.90162   0.587732
      0.55   0.347535   0.901697   0.501703
      0.56   0.290689   0.913864   0.441077
      0.57    0.21186   0.924686   0.344736
      0.58   0.181416   0.944581   0.304375
      0.59   0.140283   0.954089   0.244602
       0.6    0.12729   0.957382   0.224704
      0.61   0.118451   0.961983    0.21093
      0.62   0.110935   0.967213   0.199041
      0.63   0.105798   0.976143   0.190905
      0.64  0.0952219   0.972527    0.17346
      0.65   0.080831   0.978799    0.14933
      0.66  0.0705194          1   0.131748
      0.67  0.0583947          1   0.110346
      0.68  0.0379226          1   0.073074
      0.69  0.0301416          1  0.0585194
       0.7  0.0115581          1   0.022852
      0.71          0          0          0
      0.72          0          0          0
      0.73          0          0          0
      0.74          0          0          0
      0.75          0          0          0
      0.76          0          0          0
      0.77          0          0          0
      0.78          0          0          0
      0.79          0          0          0
       0.8          0          0          0
      0.81          0          0          0
      0.82          0          0          0
      0.83          0          0          0
      0.84          0          0          0
      0.85          0          0          0
      0.86          0          0          0
      0.87          0          0          0
      0.88          0          0          0
      0.89          0          0          0
       0.9          0          0          0
      0.91          0          0          0
      0.92          0          0          0
      0.93          0          0          0
      0.94          0          0          0
      0.95          0          0          0
      0.96          0          0          0
      0.97          0          0          0
      0.98          0          0          0
      0.99          0          0          0
