         0          1   0.181029   0.306561
      0.01   0.791254   0.195949    0.31411
      0.02   0.791254   0.195949    0.31411
      0.03   0.791254   0.195949    0.31411
      0.04   0.791254   0.195949    0.31411
      0.05   0.791254   0.195949    0.31411
      0.06   0.791254   0.195949    0.31411
      0.07   0.791254   0.195949    0.31411
      0.08   0.791254   0.195949    0.31411
      0.09   0.791254   0.195949    0.31411
       0.1   0.791254   0.195949    0.31411
      0.11   0.791254   0.195949    0.31411
      0.12   0.791254   0.195949    0.31411
      0.13   0.791254   0.195949    0.31411
      0.14   0.791254   0.195958   0.314122
      0.15   0.791254   0.195967   0.314134
      0.16   0.791254   0.195994   0.314169
      0.17   0.791254   0.196039   0.314226
      0.18   0.791254   0.196149   0.314367
      0.19   0.791254    0.19646   0.314767
       0.2   0.791254   0.196652   0.315013
      0.21   0.790931   0.197035   0.315479
      0.22   0.790931   0.197773   0.316424
      0.23   0.790931    0.19851   0.317367
      0.24   0.790823   0.199386   0.318477
      0.25   0.790823   0.200678   0.320123
      0.26   0.790284   0.203073   0.323117
      0.27    0.78953   0.204595   0.324977
      0.28   0.788453   0.207401   0.328413
      0.29   0.787915   0.209746   0.331299
       0.3   0.785006    0.21321    0.33534
      0.31   0.778867   0.217891    0.34052
      0.32   0.775528   0.221223   0.344247
      0.33   0.760125   0.226501   0.349006
      0.34   0.755816   0.230379   0.353124
      0.35   0.741922   0.237308   0.359597
      0.36    0.73115   0.241224   0.362764
      0.37   0.703145   0.247252   0.365855
      0.38   0.688819   0.253191   0.370278
      0.39   0.662861   0.260821   0.374346
       0.4   0.643903   0.263021   0.373482
      0.41   0.615467   0.271644   0.376926
      0.42   0.598018    0.28521   0.386222
      0.43   0.579922   0.295652   0.391641
      0.44   0.558165   0.312942   0.401038
      0.45   0.544162   0.327878   0.409199
      0.46    0.52779   0.349718   0.420686
      0.47   0.517773   0.365171   0.428285
      0.48   0.499354   0.390258   0.438116
      0.49    0.48115   0.403292   0.438794
       0.5   0.449914   0.428678   0.439039
      0.51   0.434834   0.473684   0.453429
      0.52   0.421693   0.499755   0.457417
      0.53    0.40726   0.556858   0.470453
      0.54   0.399612   0.584082   0.474551
      0.55   0.386364    0.60675   0.472103
      0.56   0.370207      0.625   0.464987
      0.57   0.339617   0.647727   0.445597
      0.58   0.313119   0.670478   0.426881
      0.59   0.280698   0.712673   0.402762
       0.6   0.262064   0.749292   0.388315
      0.61   0.238583   0.810105   0.368607
      0.62   0.213162    0.85865   0.341537
      0.63   0.188281   0.876543   0.309979
      0.64    0.16243      0.925   0.276335
      0.65   0.143688    0.94697   0.249516
      0.66  0.0933865   0.955975   0.170151
      0.67  0.0700129   0.982759   0.130714
      0.68  0.0312365          1  0.0605807
      0.69  0.0260664          1  0.0508083
       0.7 0.00947867          1  0.0187793
      0.71 0.00807841          1  0.0160274
      0.72 0.00398535          1 0.00793906
      0.73          0          0          0
      0.74          0          0          0
      0.75          0          0          0
      0.76          0          0          0
      0.77          0          0          0
      0.78          0          0          0
      0.79          0          0          0
       0.8          0          0          0
      0.81          0          0          0
      0.82          0          0          0
      0.83          0          0          0
      0.84          0          0          0
      0.85          0          0          0
      0.86          0          0          0
      0.87          0          0          0
      0.88          0          0          0
      0.89          0          0          0
       0.9          0          0          0
      0.91          0          0          0
      0.92          0          0          0
      0.93          0          0          0
      0.94          0          0          0
      0.95          0          0          0
      0.96          0          0          0
      0.97          0          0          0
      0.98          0          0          0
      0.99          0          0          0
