         0          1   0.235879   0.381719
      0.01   0.964742   0.365446   0.530092
      0.02   0.964742   0.365446   0.530092
      0.03   0.964742   0.365446   0.530092
      0.04   0.964742   0.365446   0.530092
      0.05   0.964742   0.365446   0.530092
      0.06   0.964742   0.365446   0.530092
      0.07   0.964742   0.365446   0.530092
      0.08   0.964742   0.365446   0.530092
      0.09   0.964742   0.365446   0.530092
       0.1   0.964742   0.365471   0.530118
      0.11   0.964742   0.365471   0.530118
      0.12   0.964742   0.365452   0.530099
      0.13   0.964742   0.365551   0.530203
      0.14   0.964742    0.36554   0.530191
      0.15   0.964742   0.365658   0.530316
      0.16   0.964742   0.365857   0.530524
      0.17   0.964742   0.366687   0.531397
      0.18   0.964742    0.36768   0.532439
      0.19   0.964742   0.369187   0.534017
       0.2   0.964742   0.370286   0.535166
      0.21   0.964742   0.372352   0.537319
      0.22   0.964601   0.375898    0.54098
      0.23   0.964248   0.378567   0.543682
      0.24   0.963895    0.38268   0.547854
      0.25   0.963683   0.386907   0.552138
      0.26   0.963329   0.392523   0.557773
      0.27   0.962623   0.396423   0.561579
      0.28   0.960432   0.403653   0.568412
      0.29   0.960291   0.409474   0.574134
       0.3   0.959231   0.420117   0.584319
      0.31   0.955769   0.432004   0.595049
      0.32   0.953649   0.438477    0.60074
      0.33   0.944393   0.449025   0.608656
      0.34   0.936833   0.457329   0.614622
      0.35   0.925387   0.471413   0.624627
      0.36    0.91931    0.48291   0.633202
      0.37   0.906451        0.5   0.644495
      0.38   0.893591   0.512013   0.651009
      0.39   0.870204   0.533737   0.661652
       0.4    0.86222   0.548876   0.670758
      0.41   0.841094   0.571927   0.680874
      0.42   0.816859   0.599077   0.691219
      0.43   0.789585     0.6174   0.692957
      0.44   0.736805   0.635025   0.682139
      0.45   0.706493   0.650174   0.677165
      0.46   0.654985   0.666762   0.660821
      0.47   0.626793    0.67897   0.651839
      0.48   0.590405   0.699008   0.640133
      0.49   0.565534   0.711316   0.630103
       0.5   0.520738   0.747199   0.613744
      0.51   0.484986   0.782241   0.598749
      0.52   0.457147   0.808536   0.584064
      0.53   0.391224   0.856929   0.537196
      0.54   0.354836   0.889764   0.507345
      0.55   0.275489   0.929293    0.42499
      0.56   0.258108     0.9575   0.406609
      0.57    0.23246     0.9838   0.376061
      0.58   0.205893   0.995033   0.341187
      0.59    0.17869          1   0.303201
       0.6   0.164276          1   0.282194
      0.61     0.1346          1   0.237265
      0.62  0.0978591          1   0.178273
      0.63   0.082668          1   0.152712
      0.64  0.0469865          1  0.0897557
      0.65  0.0406274          1  0.0780826
      0.66  0.0263548          1  0.0513562
      0.67  0.0173108          1  0.0340325
      0.68 0.00282626          1 0.00563658
      0.69          0          0          0
       0.7          0          0          0
      0.71          0          0          0
      0.72          0          0          0
      0.73          0          0          0
      0.74          0          0          0
      0.75          0          0          0
      0.76          0          0          0
      0.77          0          0          0
      0.78          0          0          0
      0.79          0          0          0
       0.8          0          0          0
      0.81          0          0          0
      0.82          0          0          0
      0.83          0          0          0
      0.84          0          0          0
      0.85          0          0          0
      0.86          0          0          0
      0.87          0          0          0
      0.88          0          0          0
      0.89          0          0          0
       0.9          0          0          0
      0.91          0          0          0
      0.92          0          0          0
      0.93          0          0          0
      0.94          0          0          0
      0.95          0          0          0
      0.96          0          0          0
      0.97          0          0          0
      0.98          0          0          0
      0.99          0          0          0
