         0          1   0.265439    0.41952
      0.01   0.902872   0.329397   0.482693
      0.02   0.902872   0.329397   0.482693
      0.03   0.902872   0.329397   0.482693
      0.04   0.902872   0.329397   0.482693
      0.05   0.902872   0.329397   0.482693
      0.06   0.902872   0.329397   0.482693
      0.07   0.902872   0.329397   0.482693
      0.08   0.902872   0.329397   0.482693
      0.09   0.902872   0.329397   0.482693
       0.1   0.902872   0.329397   0.482693
      0.11   0.902872   0.329397   0.482693
      0.12   0.902872   0.329397   0.482693
      0.13   0.902872   0.329397   0.482693
      0.14   0.902872   0.329397   0.482693
      0.15   0.902872   0.329482   0.482783
      0.16   0.902872   0.329515   0.482819
      0.17   0.902872   0.329616   0.482928
      0.18   0.902872   0.329599   0.482909
      0.19   0.902872   0.329714   0.483032
       0.2   0.902872   0.329932   0.483267
      0.21   0.902872   0.330456   0.483828
      0.22   0.902872   0.331286   0.484718
      0.23   0.902752   0.332108   0.485579
      0.24   0.902752    0.33349   0.487054
      0.25   0.902233   0.334977   0.488563
      0.26   0.901953   0.337858   0.491578
      0.27   0.901673   0.339986   0.493785
      0.28   0.901154   0.343551   0.497455
      0.29   0.900475   0.347094   0.501053
       0.3   0.897799   0.352404   0.506139
      0.31   0.893127   0.359054   0.512196
      0.32   0.890171   0.362727   0.515428
      0.33   0.882064   0.370068   0.521388
      0.34   0.871281     0.3758    0.52511
      0.35   0.859379   0.385154   0.531915
      0.36   0.851432   0.393589   0.538327
      0.37   0.832222      0.405    0.54485
      0.38   0.824274   0.412556   0.549888
      0.39   0.806981     0.4259   0.557545
       0.4   0.793961   0.434346   0.561511
      0.41   0.777906   0.450022   0.570188
      0.42   0.751028   0.461706   0.571855
      0.43   0.729941   0.473836   0.574645
      0.44   0.696314   0.488758    0.57436
      0.45   0.665761   0.496072   0.568525
      0.46   0.620113   0.515224   0.562823
      0.47   0.597388   0.524636   0.558653
      0.48   0.564799   0.536569   0.550322
      0.49   0.534526   0.543864   0.539155
       0.5   0.494309   0.556495   0.523562
      0.51   0.459004   0.558395   0.503845
      0.52     0.4233   0.563754   0.483534
      0.53   0.383681   0.576214   0.460639
      0.54   0.358641   0.579777   0.443154
      0.55   0.308798   0.574147     0.4016
      0.56   0.282399   0.566074   0.376815
      0.57   0.225768   0.546289   0.319496
      0.58   0.199968   0.535065   0.291132
      0.59   0.164823   0.519744   0.250277
       0.6   0.134191   0.504403   0.211985
      0.61  0.0848277   0.476033   0.143996
      0.62    0.07053   0.493802    0.12343
      0.63  0.0641399   0.507282   0.113881
      0.64  0.0523583   0.544586  0.0955319
      0.65   0.045529   0.548148  0.0840747
      0.66  0.0300731   0.497297  0.0567164
      0.67  0.0174128   0.456522  0.0335461
      0.68  0.0125404   0.555556  0.0245272
      0.69 0.00231639    0.53125 0.00461266
       0.7          0          0          0
      0.71          0          0          0
      0.72          0          0          0
      0.73          0          0          0
      0.74          0          0          0
      0.75          0          0          0
      0.76          0          0          0
      0.77          0          0          0
      0.78          0          0          0
      0.79          0          0          0
       0.8          0          0          0
      0.81          0          0          0
      0.82          0          0          0
      0.83          0          0          0
      0.84          0          0          0
      0.85          0          0          0
      0.86          0          0          0
      0.87          0          0          0
      0.88          0          0          0
      0.89          0          0          0
       0.9          0          0          0
      0.91          0          0          0
      0.92          0          0          0
      0.93          0          0          0
      0.94          0          0          0
      0.95          0          0          0
      0.96          0          0          0
      0.97          0          0          0
      0.98          0          0          0
      0.99          0          0          0
