         0          1    0.32957   0.495755
      0.01   0.946175   0.435521   0.596483
      0.02   0.946175   0.435521   0.596483
      0.03   0.946175   0.435521   0.596483
      0.04   0.946175   0.435521   0.596483
      0.05   0.946175   0.435521   0.596483
      0.06   0.946175   0.435521   0.596483
      0.07   0.946175   0.435521   0.596483
      0.08   0.946175   0.435521   0.596483
      0.09   0.946175   0.435521   0.596483
       0.1   0.946175   0.435521   0.596483
      0.11   0.946175   0.435521   0.596483
      0.12   0.946175   0.435521   0.596483
      0.13   0.946175   0.435521   0.596483
      0.14   0.946175   0.435521   0.596483
      0.15   0.946175   0.435521   0.596483
      0.16   0.946175   0.435542   0.596503
      0.17   0.946175   0.435607   0.596563
      0.18   0.946175   0.435628   0.596583
      0.19   0.946175   0.435729   0.596678
       0.2   0.946175   0.435943   0.596878
      0.21   0.946175   0.436338   0.597248
      0.22   0.946175   0.437296   0.598146
      0.23   0.946175   0.438124    0.59892
      0.24   0.946175   0.440779   0.601396
      0.25   0.946175   0.442735   0.603213
      0.26   0.946175   0.446865   0.607035
      0.27    0.94609   0.450026   0.609928
      0.28    0.94609   0.457376   0.616643
      0.29   0.945154   0.463302   0.621804
       0.3   0.943835   0.474722   0.631711
      0.31    0.93958   0.489672   0.643814
      0.32   0.936218   0.501177   0.652863
      0.33     0.9249   0.520951   0.666497
      0.34   0.917837   0.538774   0.678982
      0.35   0.908476   0.567496   0.698599
      0.36   0.900519   0.586468    0.71033
      0.37   0.892179   0.622291   0.733187
      0.38   0.883925   0.643419   0.744736
      0.39   0.867884   0.672755   0.757962
       0.4   0.854523   0.691745   0.764566
      0.41   0.825334    0.71437   0.765854
      0.42   0.784231    0.73256   0.757515
      0.43    0.76636   0.740056   0.752978
      0.44   0.732916   0.756011   0.744284
      0.45   0.706493   0.765445   0.734788
      0.46   0.679176   0.776291   0.724494
      0.47   0.658072   0.780154   0.713932
      0.48   0.626457   0.791216   0.699263
      0.49   0.604034   0.797932   0.687574
       0.5   0.574845   0.814503   0.674004
      0.51    0.54489   0.826294   0.656716
      0.52   0.530083   0.833548   0.648048
      0.53    0.48715   0.840348   0.616763
      0.54   0.462812   0.847167   0.598603
      0.55   0.419369   0.854223   0.562558
      0.56   0.382393   0.858434   0.529097
      0.57   0.328653   0.866983   0.476628
      0.58   0.287507   0.871535   0.432379
      0.59   0.250362   0.879239   0.389744
       0.6   0.211812    0.89181    0.34232
      0.61   0.157263   0.909972   0.268179
      0.62   0.122628   0.931559   0.216726
      0.63   0.103055    0.97066   0.186328
      0.64  0.0797379   0.992908   0.147621
      0.65  0.0683346          1   0.127927
      0.66  0.0459961          1   0.087947
      0.67  0.0363373          1  0.0701265
      0.68  0.0200408          1  0.0392942
      0.69   0.014169          1  0.0279421
       0.7 0.00685048          1  0.0136077
      0.71 0.00289337          1 0.00577005
      0.72          0          0          0
      0.73          0          0          0
      0.74          0          0          0
      0.75          0          0          0
      0.76          0          0          0
      0.77          0          0          0
      0.78          0          0          0
      0.79          0          0          0
       0.8          0          0          0
      0.81          0          0          0
      0.82          0          0          0
      0.83          0          0          0
      0.84          0          0          0
      0.85          0          0          0
      0.86          0          0          0
      0.87          0          0          0
      0.88          0          0          0
      0.89          0          0          0
       0.9          0          0          0
      0.91          0          0          0
      0.92          0          0          0
      0.93          0          0          0
      0.94          0          0          0
      0.95          0          0          0
      0.96          0          0          0
      0.97          0          0          0
      0.98          0          0          0
      0.99          0          0          0
