         0          1   0.256164   0.407851
      0.01   0.978352   0.457694   0.623637
      0.02   0.978352   0.457694   0.623637
      0.03   0.978352   0.457694   0.623637
      0.04   0.978352   0.457694   0.623637
      0.05   0.978352   0.457694   0.623637
      0.06   0.978352   0.457694   0.623637
      0.07   0.978352   0.457694   0.623637
      0.08   0.978352   0.457694   0.623637
      0.09   0.978352   0.457694   0.623637
       0.1   0.978352   0.457694   0.623637
      0.11   0.978352   0.457694   0.623637
      0.12   0.978352   0.457694   0.623637
      0.13   0.978352   0.457694   0.623637
      0.14   0.978352   0.457725   0.623665
      0.15   0.978352   0.457817   0.623752
      0.16   0.978352   0.458003   0.623924
      0.17   0.978352   0.458314   0.624212
      0.18   0.978352   0.458619   0.624495
      0.19   0.978352   0.459168   0.625004
       0.2   0.978352    0.45975   0.625543
      0.21   0.978352   0.460846   0.626557
      0.22   0.978352    0.46244   0.628028
      0.23   0.978352   0.464283   0.629726
      0.24   0.978352   0.467314   0.632508
      0.25   0.978294   0.469364    0.63437
      0.26   0.978294   0.474886   0.639396
      0.27    0.97812   0.478027   0.642199
      0.28   0.978062   0.485008   0.648455
      0.29   0.978003   0.489858   0.652763
       0.3   0.977597   0.498318   0.660139
      0.31   0.976204   0.506619   0.667057
      0.32   0.975798   0.512537    0.67207
      0.33   0.973476   0.524184   0.681437
      0.34   0.970575   0.530584   0.686099
      0.35   0.967208   0.540247   0.693263
      0.36   0.961927   0.546507   0.697014
      0.37    0.95444   0.556829   0.703329
      0.38   0.947301   0.564267   0.707253
      0.39   0.934881   0.573867   0.711182
       0.4   0.925711   0.581385   0.714214
      0.41   0.913291   0.595282   0.720768
      0.42   0.901335   0.609617   0.727315
      0.43   0.892281   0.619481   0.731267
      0.44   0.868775   0.626082   0.727728
      0.45    0.85386   0.631587   0.726093
      0.46   0.823041   0.643071    0.72201
      0.47   0.811666   0.649909   0.721836
      0.48   0.783749   0.662547    0.71807
      0.49   0.770691   0.670066   0.716864
       0.5   0.749042   0.679927   0.712813
      0.51   0.721997   0.691287   0.706308
      0.52   0.698433   0.703922   0.701167
      0.53   0.654672   0.711895   0.682086
      0.54   0.614974   0.717533   0.662307
      0.55   0.564074   0.724171   0.634174
      0.56   0.533024   0.730379   0.616287
      0.57   0.485432    0.74714   0.588502
      0.58    0.45769   0.761445   0.571726
      0.59   0.414393     0.7935   0.544454
       0.6   0.392165   0.819738   0.530525
      0.61   0.350667   0.864005   0.498864
      0.62   0.324666   0.894737   0.476448
      0.63   0.305572   0.898526   0.456049
      0.64   0.266454   0.895833   0.410739
      0.65   0.242832    0.89246   0.381784
      0.66   0.160998   0.878731   0.272137
      0.67   0.118282   0.858156   0.207908
      0.68  0.0951828   0.851852   0.171233
      0.69  0.0883343   0.873684   0.160447
       0.7  0.0656994   0.906736   0.122521
      0.71  0.0404527   0.942308  0.0775751
      0.72  0.0250145   0.928571  0.0487167
      0.73 0.00591991        0.9  0.0117624
      0.74 0.00226349       0.75 0.00451337
      0.75          0          0          0
      0.76          0          0          0
      0.77          0          0          0
      0.78          0          0          0
      0.79          0          0          0
       0.8          0          0          0
      0.81          0          0          0
      0.82          0          0          0
      0.83          0          0          0
      0.84          0          0          0
      0.85          0          0          0
      0.86          0          0          0
      0.87          0          0          0
      0.88          0          0          0
      0.89          0          0          0
       0.9          0          0          0
      0.91          0          0          0
      0.92          0          0          0
      0.93          0          0          0
      0.94          0          0          0
      0.95          0          0          0
      0.96          0          0          0
      0.97          0          0          0
      0.98          0          0          0
      0.99          0          0          0
