         0          1   0.382258   0.553092
      0.01   0.892838   0.537497   0.671028
      0.02   0.892838   0.537497   0.671028
      0.03   0.892838   0.537497   0.671028
      0.04   0.892838   0.537497   0.671028
      0.05   0.892838   0.537497   0.671028
      0.06   0.892838   0.537497   0.671028
      0.07   0.892838   0.537497   0.671028
      0.08   0.892838   0.537497   0.671028
      0.09   0.892838   0.537497   0.671028
       0.1   0.892838   0.537497   0.671028
      0.11   0.892838   0.537497   0.671028
      0.12   0.892838   0.537497   0.671028
      0.13   0.892838   0.537497   0.671028
      0.14   0.892838   0.537497   0.671028
      0.15   0.892838   0.537497   0.671028
      0.16   0.892838   0.537497   0.671028
      0.17   0.892838   0.537531   0.671055
      0.18   0.892838   0.537531   0.671055
      0.19   0.892838   0.537599   0.671108
       0.2   0.892838   0.537667   0.671161
      0.21   0.892838   0.537872    0.67132
      0.22   0.892838   0.538144   0.671533
      0.23   0.892838   0.538418   0.671745
      0.24   0.892838   0.538696   0.671962
      0.25   0.892838   0.539043   0.672232
      0.26   0.892838   0.539523   0.672605
      0.27   0.892838   0.540043   0.673009
      0.28   0.892838   0.541276   0.673965
      0.29   0.892838   0.542267   0.674733
       0.3   0.892838   0.544858   0.676735
      0.31   0.892838   0.546913   0.678319
      0.32   0.892838   0.548693   0.679686
      0.33   0.892695   0.552236   0.682355
      0.34   0.892587   0.554607   0.684131
      0.35   0.891907   0.558314   0.686743
      0.36   0.891084   0.560718   0.688313
      0.37   0.890368   0.563942   0.690521
      0.38   0.889724   0.566949   0.692576
      0.39    0.88772   0.572048   0.695752
       0.4   0.885322   0.575666   0.697678
      0.41   0.878127   0.580875   0.699221
      0.42   0.872222   0.586357   0.701276
      0.43   0.868106   0.592227   0.704107
      0.44   0.863453   0.599952   0.707979
      0.45   0.859265    0.60467   0.709829
      0.46   0.851283   0.610988   0.711392
      0.47   0.846022   0.617073   0.713634
      0.48   0.836859   0.628815   0.718072
      0.49   0.831275   0.635769   0.720495
       0.5   0.821969   0.645184   0.722926
      0.51   0.807831    0.65365   0.722608
      0.52   0.797094   0.664365   0.724702
      0.53   0.774437   0.682149   0.725369
      0.54   0.759404   0.689996   0.723038
      0.55   0.727692   0.697494   0.712273
      0.56     0.7084   0.707148   0.707774
      0.57   0.664483   0.718719   0.690538
      0.58   0.643259   0.730467   0.684094
      0.59   0.603565   0.744548   0.666685
       0.6   0.574179   0.749482   0.650222
      0.61   0.521278   0.755635   0.616951
      0.62   0.462937   0.757363   0.574631
      0.63   0.420845   0.769602   0.544137
      0.64   0.340026   0.787479   0.474967
      0.65   0.279538    0.79726   0.413939
      0.66   0.217832   0.821234    0.34433
      0.67   0.185583   0.850446   0.304679
      0.68   0.134436   0.872168   0.232963
      0.69   0.102044   0.878525   0.182849
       0.7  0.0738036   0.938907    0.13685
      0.71  0.0333942   0.954887  0.0645316
      0.72 0.00930599     0.9375   0.018429
      0.73 0.000930599        0.9 0.00185928
      0.74          0          0          0
      0.75          0          0          0
      0.76          0          0          0
      0.77          0          0          0
      0.78          0          0          0
      0.79          0          0          0
       0.8          0          0          0
      0.81          0          0          0
      0.82          0          0          0
      0.83          0          0          0
      0.84          0          0          0
      0.85          0          0          0
      0.86          0          0          0
      0.87          0          0          0
      0.88          0          0          0
      0.89          0          0          0
       0.9          0          0          0
      0.91          0          0          0
      0.92          0          0          0
      0.93          0          0          0
      0.94          0          0          0
      0.95          0          0          0
      0.96          0          0          0
      0.97          0          0          0
      0.98          0          0          0
      0.99          0          0          0
