         0          1   0.173626   0.295879
      0.01   0.924719   0.536017   0.678651
      0.02   0.924719   0.536017   0.678651
      0.03   0.924719   0.536017   0.678651
      0.04   0.924719   0.536017   0.678651
      0.05   0.924719   0.536017   0.678651
      0.06   0.924719   0.536017   0.678651
      0.07   0.924719   0.536017   0.678651
      0.08   0.924719   0.536017   0.678651
      0.09   0.924719   0.536017   0.678651
       0.1   0.924719   0.536017   0.678651
      0.11   0.924719   0.535936   0.678587
      0.12   0.924719   0.536029   0.678661
      0.13   0.924719   0.536029   0.678661
      0.14   0.924719   0.536307   0.678884
      0.15   0.924719   0.536438   0.678988
      0.16   0.924719   0.536822   0.679296
      0.17   0.924719   0.538087   0.680308
      0.18   0.924719   0.539927   0.681776
      0.19   0.924719    0.54237   0.683721
       0.2   0.924719    0.54449   0.685403
      0.21   0.924525   0.547884   0.688032
      0.22    0.92336   0.554372   0.692798
      0.23   0.921032    0.56144   0.697624
      0.24   0.913368   0.576029   0.706496
      0.25    0.90813   0.588296   0.714034
      0.26   0.893287   0.605905   0.722051
      0.27    0.88669   0.620665   0.730203
      0.28   0.869325   0.644307    0.74009
      0.29   0.864862   0.665398   0.752131
       0.3   0.849534    0.68289   0.757152
      0.31   0.830229   0.702066   0.760788
      0.32   0.820722   0.712287   0.762669
      0.33   0.795402   0.723191    0.75758
      0.34   0.783566   0.738105   0.760156
      0.35   0.773283   0.763722   0.768473
      0.36   0.766783   0.776668   0.771694
      0.37    0.74903   0.785501   0.766832
      0.38   0.740493   0.793798    0.76622
      0.39   0.723322   0.800987   0.760176
       0.4   0.715464    0.80521   0.757688
      0.41   0.706054   0.812207   0.755419
      0.42   0.700233   0.822738   0.756559
      0.43    0.69577   0.833229   0.758321
      0.44   0.687039   0.846959   0.758663
      0.45   0.682383   0.855995   0.759392
      0.46   0.671517   0.863194   0.755386
      0.47   0.667055   0.871408   0.755659
      0.48   0.650369   0.877582   0.747082
      0.49   0.639212   0.888353   0.743466
       0.5   0.616026   0.905209   0.733131
      0.51   0.600698   0.912217   0.724386
      0.52   0.580423   0.918406   0.711307
      0.53    0.55811   0.920443    0.69488
      0.54   0.529007   0.919708   0.671674
      0.55   0.511059   0.925223   0.658428
      0.56   0.491172   0.927981   0.642353
      0.57   0.460322   0.932555   0.616387
      0.58   0.437621   0.930168    0.59521
      0.59   0.344393   0.918561   0.500962
       0.6   0.296857   0.905473   0.447125
      0.61   0.178211   0.847368   0.294488
      0.62  0.0822662   0.770115   0.148653
      0.63  0.0453046   0.605263  0.0842993
      0.64 0.00630578   0.222222  0.0122636
      0.65          0          0          0
      0.66          0          0          0
      0.67          0          0          0
      0.68          0          0          0
      0.69          0          0          0
       0.7          0          0          0
      0.71          0          0          0
      0.72          0          0          0
      0.73          0          0          0
      0.74          0          0          0
      0.75          0          0          0
      0.76          0          0          0
      0.77          0          0          0
      0.78          0          0          0
      0.79          0          0          0
       0.8          0          0          0
      0.81          0          0          0
      0.82          0          0          0
      0.83          0          0          0
      0.84          0          0          0
      0.85          0          0          0
      0.86          0          0          0
      0.87          0          0          0
      0.88          0          0          0
      0.89          0          0          0
       0.9          0          0          0
      0.91          0          0          0
      0.92          0          0          0
      0.93          0          0          0
      0.94          0          0          0
      0.95          0          0          0
      0.96          0          0          0
      0.97          0          0          0
      0.98          0          0          0
      0.99          0          0          0
