         0          1   0.331079    0.49746
      0.01   0.926966   0.294408   0.446883
      0.02   0.926966   0.294408   0.446883
      0.03   0.926966   0.294408   0.446883
      0.04   0.926966   0.294408   0.446883
      0.05   0.926966   0.294408   0.446883
      0.06   0.926966   0.294408   0.446883
      0.07   0.926966   0.294408   0.446883
      0.08   0.926966   0.294408   0.446883
      0.09   0.926966   0.294408   0.446883
       0.1   0.926966   0.294408   0.446883
      0.11   0.926966   0.294408   0.446883
      0.12   0.926966   0.294408   0.446883
      0.13   0.926966   0.294408   0.446883
      0.14   0.926966   0.294408   0.446883
      0.15   0.926966   0.294419   0.446897
      0.16   0.926966    0.29443    0.44691
      0.17   0.926966   0.294487   0.446975
      0.18   0.926966   0.294478   0.446965
      0.19   0.926966    0.29436   0.446829
       0.2   0.926966   0.294301   0.446761
      0.21   0.926966   0.294438   0.446918
      0.22   0.926758   0.294511   0.446978
      0.23   0.926758   0.294751   0.447254
      0.24    0.92651   0.295308   0.447867
      0.25   0.926468   0.295572   0.448166
      0.26   0.926385   0.296446   0.449159
      0.27   0.926344   0.297122    0.44993
      0.28   0.926344   0.298166   0.451126
      0.29   0.926261   0.298595   0.451607
       0.3   0.925763   0.299283   0.452334
      0.31   0.925597   0.301214   0.454517
      0.32   0.925597   0.303267    0.45685
      0.33   0.925265   0.305683   0.459545
      0.34   0.924768   0.307534   0.461572
      0.35   0.922736    0.31181   0.466111
      0.36   0.921367   0.314778   0.469243
      0.37   0.919459   0.321162   0.476044
      0.38   0.917261   0.325777   0.480794
      0.39   0.908718   0.333001   0.487395
       0.4   0.905856   0.339867   0.494284
      0.41   0.899842   0.349808   0.503776
      0.42   0.892502   0.360652   0.513716
      0.43    0.88823   0.369545   0.521939
      0.44   0.863927    0.37997   0.527803
      0.45   0.849079   0.387988   0.532603
      0.46   0.822827   0.402689   0.540741
      0.47   0.803708   0.414302   0.546757
      0.48   0.779321   0.431151   0.555164
      0.49   0.761281   0.442354   0.559564
       0.5   0.725738    0.46238   0.564871
      0.51   0.687541   0.485861   0.569369
      0.52   0.656229   0.502515   0.569177
      0.53   0.611189     0.5282   0.566672
      0.54   0.574859   0.549419   0.561851
      0.55   0.521566   0.576402   0.547615
      0.56   0.486812   0.597614   0.536552
      0.57   0.439781   0.624467   0.516099
      0.58   0.401999   0.643617   0.494892
      0.59    0.35671    0.66403   0.464107
       0.6   0.320421   0.677419   0.435059
      0.61   0.274137   0.700136   0.394003
      0.62   0.232913   0.725507   0.352622
      0.63   0.206121   0.737624   0.322206
      0.64   0.167676   0.746424   0.273837
      0.65    0.13964   0.772803   0.236539
      0.66   0.101858   0.798429   0.180668
      0.67  0.0728683   0.823308   0.133887
      0.68   0.038653   0.882759  0.0740629
      0.69  0.0284506   0.932039  0.0552157
       0.7  0.0163819   0.967742  0.0322184
      0.71 0.00953882          1  0.0188974
      0.72 0.00452057          1 0.00900045
      0.73          0          0          0
      0.74          0          0          0
      0.75          0          0          0
      0.76          0          0          0
      0.77          0          0          0
      0.78          0          0          0
      0.79          0          0          0
       0.8          0          0          0
      0.81          0          0          0
      0.82          0          0          0
      0.83          0          0          0
      0.84          0          0          0
      0.85          0          0          0
      0.86          0          0          0
      0.87          0          0          0
      0.88          0          0          0
      0.89          0          0          0
       0.9          0          0          0
      0.91          0          0          0
      0.92          0          0          0
      0.93          0          0          0
      0.94          0          0          0
      0.95          0          0          0
      0.96          0          0          0
      0.97          0          0          0
      0.98          0          0          0
      0.99          0          0          0
