         0          1   0.339259   0.506637
      0.01   0.986007   0.777024    0.86913
      0.02   0.986007   0.777024    0.86913
      0.03   0.986007   0.777024    0.86913
      0.04   0.986007   0.777024    0.86913
      0.05   0.986007   0.777024    0.86913
      0.06   0.986007   0.777024    0.86913
      0.07   0.986007   0.777024    0.86913
      0.08   0.986007   0.777024    0.86913
      0.09   0.986007   0.777024    0.86913
       0.1   0.986007   0.777024    0.86913
      0.11   0.986007    0.77705   0.869146
      0.12   0.986007   0.777075   0.869162
      0.13   0.986007   0.776869   0.869033
      0.14   0.986007   0.776946    0.86908
      0.15   0.986007   0.777047   0.869144
      0.16   0.986007   0.777192   0.869234
      0.17   0.985891   0.778168     0.8698
      0.18   0.985775   0.779341   0.870487
      0.19   0.983958   0.781417   0.871069
       0.2   0.981987   0.784244   0.872046
      0.21    0.97901   0.791283   0.875193
      0.22   0.972053   0.798241   0.876614
      0.23   0.968922   0.803867    0.87871
      0.24   0.957209   0.812312   0.878828
      0.25    0.95087   0.819387   0.880246
      0.26   0.938152   0.828265   0.879791
      0.27   0.927561   0.831122   0.876697
      0.28   0.915539   0.834879   0.873351
      0.29    0.90777   0.835618   0.870201
       0.3   0.899923   0.835712    0.86663
      0.31   0.891187   0.836036   0.862731
      0.32   0.881871   0.835469   0.858043
      0.33   0.867375   0.837204   0.852022
      0.34   0.857441   0.838846   0.848041
      0.35   0.840278   0.843685   0.841978
      0.36   0.825667   0.847532   0.836457
      0.37   0.811906   0.854111   0.832474
      0.38   0.800696   0.858788   0.828725
      0.39   0.786046   0.860077   0.821396
       0.4   0.780286   0.861284   0.818787
      0.41   0.759065   0.863192   0.807787
      0.42   0.733282   0.870384   0.795972
      0.43   0.715037   0.877207   0.787863
      0.44   0.691689   0.884211    0.77619
      0.45   0.673947   0.889906   0.767015
      0.46   0.636104   0.891208   0.742351
      0.47   0.609934   0.896267   0.725884
      0.48   0.546811   0.893036   0.678297
      0.49   0.492694   0.892857    0.63499
       0.5   0.402242   0.884737   0.553044
      0.51   0.335369   0.884358   0.486316
      0.52    0.29482   0.882736   0.442014
      0.53   0.232857   0.874895   0.367817
      0.54   0.196714   0.871869   0.321003
      0.55   0.163471    0.88081   0.275763
      0.56    0.13966   0.889045   0.241398
      0.57   0.106726   0.887701   0.190543
      0.58  0.0942404    0.89697   0.170561
      0.59  0.0789718   0.907543     0.1453
       0.6  0.0673753   0.912698   0.125487
      0.61  0.0605721   0.928783   0.113727
      0.62  0.0545806   0.963768    0.10331
      0.63  0.0497101   0.959677   0.094524
      0.64  0.0434094   0.971292  0.0831046
      0.65  0.0374565   0.977273  0.0721478
      0.66  0.0285659   0.976744  0.0555084
      0.67  0.0202938   0.967742  0.0397539
      0.68 0.00962505          1  0.0190666
      0.69 0.00274449          1 0.00547396
       0.7          0          0          0
      0.71          0          0          0
      0.72          0          0          0
      0.73          0          0          0
      0.74          0          0          0
      0.75          0          0          0
      0.76          0          0          0
      0.77          0          0          0
      0.78          0          0          0
      0.79          0          0          0
       0.8          0          0          0
      0.81          0          0          0
      0.82          0          0          0
      0.83          0          0          0
      0.84          0          0          0
      0.85          0          0          0
      0.86          0          0          0
      0.87          0          0          0
      0.88          0          0          0
      0.89          0          0          0
       0.9          0          0          0
      0.91          0          0          0
      0.92          0          0          0
      0.93          0          0          0
      0.94          0          0          0
      0.95          0          0          0
      0.96          0          0          0
      0.97          0          0          0
      0.98          0          0          0
      0.99          0          0          0
