         0          1   0.393948   0.565226
      0.01    0.95469   0.421229   0.584545
      0.02    0.95469   0.421229   0.584545
      0.03    0.95469   0.421229   0.584545
      0.04    0.95469   0.421229   0.584545
      0.05    0.95469   0.421229   0.584545
      0.06    0.95469   0.421229   0.584545
      0.07    0.95469   0.421229   0.584545
      0.08    0.95469   0.421229   0.584545
      0.09    0.95469   0.421229   0.584545
       0.1    0.95469   0.421229   0.584545
      0.11    0.95469   0.421229   0.584545
      0.12    0.95469   0.421229   0.584545
      0.13    0.95469   0.421229   0.584545
      0.14    0.95469   0.421245    0.58456
      0.15    0.95469   0.421239   0.584554
      0.16    0.95469   0.421233   0.584549
      0.17    0.95469   0.421279   0.584593
      0.18    0.95469   0.421334   0.584646
      0.19    0.95469   0.421526   0.584831
       0.2    0.95469   0.421845   0.585138
      0.21   0.954655   0.422391   0.585656
      0.22   0.954655    0.42346   0.586683
      0.23   0.954619   0.424599   0.587768
      0.24    0.95423    0.42663   0.589637
      0.25   0.953912   0.427782   0.590676
      0.26   0.953841   0.431733   0.594417
      0.27   0.953735   0.434729   0.597231
      0.28    0.95324   0.440882   0.602912
      0.29   0.952426   0.446974   0.608417
       0.3   0.949703   0.456193    0.61633
      0.31   0.944503   0.466475   0.624513
      0.32    0.94132     0.4739    0.63042
      0.33   0.931204   0.486455   0.639066
      0.34   0.924519   0.495638   0.645319
      0.35    0.90885   0.509413   0.652883
      0.36   0.886283   0.517971   0.653826
      0.37   0.852575   0.527949   0.652095
      0.38   0.821272   0.535802   0.648512
      0.39   0.758206   0.549738   0.637358
       0.4   0.702214   0.557262   0.621397
      0.41   0.626415   0.572001   0.597973
      0.42   0.546442   0.590098   0.567432
      0.43   0.495366    0.60825   0.546035
      0.44   0.417409   0.618678   0.498495
      0.45   0.380164   0.632307   0.474839
      0.46    0.30967   0.651423   0.419785
      0.47   0.267226   0.659315   0.380309
      0.48   0.210951   0.654771   0.319097
      0.49   0.185095   0.653558   0.288487
       0.5   0.155772   0.664981   0.252416
      0.51    0.12263   0.653061   0.206487
      0.52  0.0935201   0.649165   0.163488
      0.53  0.0702462   0.657143   0.126925
      0.54  0.0579018   0.671498   0.106611
      0.55  0.0352646   0.745902  0.0673452
      0.56   0.029676   0.752475  0.0571001
      0.57  0.0244058    0.73913  0.0472513
      0.58  0.0150679   0.921053  0.0296508
      0.59 0.00831211          1  0.0164872
       0.6          0          0          0
      0.61          0          0          0
      0.62          0          0          0
      0.63          0          0          0
      0.64          0          0          0
      0.65          0          0          0
      0.66          0          0          0
      0.67          0          0          0
      0.68          0          0          0
      0.69          0          0          0
       0.7          0          0          0
      0.71          0          0          0
      0.72          0          0          0
      0.73          0          0          0
      0.74          0          0          0
      0.75          0          0          0
      0.76          0          0          0
      0.77          0          0          0
      0.78          0          0          0
      0.79          0          0          0
       0.8          0          0          0
      0.81          0          0          0
      0.82          0          0          0
      0.83          0          0          0
      0.84          0          0          0
      0.85          0          0          0
      0.86          0          0          0
      0.87          0          0          0
      0.88          0          0          0
      0.89          0          0          0
       0.9          0          0          0
      0.91          0          0          0
      0.92          0          0          0
      0.93          0          0          0
      0.94          0          0          0
      0.95          0          0          0
      0.96          0          0          0
      0.97          0          0          0
      0.98          0          0          0
      0.99          0          0          0
