         0          1   0.310743   0.474148
      0.01   0.952272    0.34785   0.509564
      0.02   0.952272    0.34785   0.509564
      0.03   0.952272    0.34785   0.509564
      0.04   0.952272    0.34785   0.509564
      0.05   0.952272    0.34785   0.509564
      0.06   0.952272    0.34785   0.509564
      0.07   0.952272    0.34785   0.509564
      0.08   0.952272    0.34785   0.509564
      0.09   0.952272    0.34785   0.509564
       0.1   0.952272    0.34785   0.509564
      0.11   0.952272    0.34785   0.509564
      0.12   0.952272    0.34785   0.509564
      0.13   0.952272   0.347866   0.509581
      0.14   0.952272   0.347913   0.509632
      0.15   0.952272   0.347961   0.509683
      0.16   0.952272   0.347977     0.5097
      0.17   0.952272   0.348199   0.509938
      0.18   0.952272   0.348362   0.510113
      0.19   0.952272   0.348823   0.510608
       0.2   0.952272   0.349137   0.510944
      0.21   0.952272   0.350508    0.51241
      0.22   0.952272     0.3525   0.514536
      0.23   0.952272   0.354199   0.516343
      0.24   0.952272   0.358239   0.520622
      0.25   0.952272   0.361406   0.523959
      0.26   0.952272   0.367499   0.530333
      0.27   0.952272   0.371814   0.534811
      0.28   0.952232   0.380295   0.543522
      0.29   0.952192   0.387599   0.550935
       0.3   0.952031   0.399803   0.563124
      0.31   0.951951   0.414864   0.577884
      0.32    0.95163   0.427307   0.589785
      0.33   0.951029    0.44674   0.607916
      0.34   0.950227   0.461948   0.621673
      0.35   0.947379   0.484442   0.641072
      0.36   0.944732   0.502125    0.65573
      0.37   0.939799   0.533282   0.680449
      0.38   0.935226   0.551652   0.693963
      0.39   0.925921   0.582433   0.715067
       0.4   0.919464   0.606777    0.73109
      0.41   0.909477   0.643914   0.753995
      0.42   0.898809    0.68198   0.775524
      0.43   0.888581   0.702917   0.784919
      0.44   0.872579   0.738502   0.799961
      0.45   0.860145   0.757254   0.805427
      0.46   0.827859   0.788621   0.807764
      0.47   0.810733   0.809898   0.810315
      0.48   0.787029   0.837704   0.811576
      0.49   0.765933   0.850667   0.806079
       0.5   0.736293   0.866185   0.795975
      0.51   0.695023   0.877022   0.775487
      0.52   0.672522   0.886774   0.764929
      0.53   0.618457   0.891872   0.730417
      0.54   0.596398   0.898649   0.716971
      0.55   0.555368   0.908884   0.689451
      0.56   0.517146   0.915152    0.66085
      0.57   0.467573   0.922759   0.620654
      0.58   0.430032   0.923885    0.58689
      0.59   0.379858   0.923795    0.53835
       0.6   0.329563   0.918077   0.485019
      0.61   0.281434   0.913462   0.430296
      0.62    0.23142   0.900259   0.368193
      0.63   0.200738   0.892587   0.327764
      0.64   0.160951   0.875912   0.271934
      0.65   0.142863    0.85865   0.244968
      0.66    0.10452   0.810888   0.185172
      0.67  0.0874343   0.774744   0.157135
      0.68  0.0623671   0.695853   0.114474
      0.69  0.0483696   0.609467  0.0896262
       0.7  0.0202543   0.671429  0.0393224
      0.71  0.0069787          1  0.0138607
      0.72 0.00276742          1 0.00551956
      0.73          0          0          0
      0.74          0          0          0
      0.75          0          0          0
      0.76          0          0          0
      0.77          0          0          0
      0.78          0          0          0
      0.79          0          0          0
       0.8          0          0          0
      0.81          0          0          0
      0.82          0          0          0
      0.83          0          0          0
      0.84          0          0          0
      0.85          0          0          0
      0.86          0          0          0
      0.87          0          0          0
      0.88          0          0          0
      0.89          0          0          0
       0.9          0          0          0
      0.91          0          0          0
      0.92          0          0          0
      0.93          0          0          0
      0.94          0          0          0
      0.95          0          0          0
      0.96          0          0          0
      0.97          0          0          0
      0.98          0          0          0
      0.99          0          0          0
