         0          1   0.172013   0.293534
      0.01   0.977912   0.217863   0.356339
      0.02   0.977912   0.217863   0.356339
      0.03   0.977912   0.217863   0.356339
      0.04   0.977912   0.217863   0.356339
      0.05   0.977912   0.217863   0.356339
      0.06   0.977912   0.217863   0.356339
      0.07   0.977912   0.217863   0.356339
      0.08   0.977912   0.217863   0.356339
      0.09   0.977912   0.217863   0.356339
       0.1   0.977912   0.217897   0.356384
      0.11   0.977912   0.217919   0.356414
      0.12   0.977912   0.218065   0.356609
      0.13   0.977912   0.218256   0.356865
      0.14   0.977912   0.218689   0.357443
      0.15   0.977912   0.219698    0.35879
      0.16   0.977912   0.220648   0.360056
      0.17   0.977912    0.22269   0.362769
      0.18   0.977912   0.224222     0.3648
      0.19   0.977912   0.227263   0.368815
       0.2   0.977912   0.229654   0.371957
      0.21   0.977912   0.235294    0.37932
      0.22    0.97784   0.242244   0.388294
      0.23    0.97784   0.247755   0.395342
      0.24   0.977697   0.257211   0.407276
      0.25   0.977697   0.265153   0.417169
      0.26   0.977697   0.278769   0.433839
      0.27   0.977697   0.288631   0.445688
      0.28   0.976908   0.305547     0.4655
      0.29   0.975904    0.31845   0.480203
       0.3   0.974756   0.339765   0.503892
      0.31   0.974254   0.362277   0.528158
      0.32    0.97074   0.377724   0.543836
      0.33   0.965577   0.401253   0.566918
      0.34    0.95525   0.415192   0.578809
      0.35   0.944851   0.438184    0.59871
      0.36    0.94062   0.455971   0.614203
      0.37   0.931512   0.483013    0.63616
      0.38   0.918603   0.501473   0.648774
      0.39   0.899598   0.527441   0.664992
       0.4   0.890491   0.543328   0.674881
      0.41   0.862593   0.562115   0.680668
      0.42   0.842871   0.584992   0.690645
      0.43   0.831612   0.604254   0.699933
      0.44   0.805651   0.625389   0.704166
      0.45   0.782129   0.639184   0.703468
      0.46   0.740462   0.656749   0.696098
      0.47   0.719664   0.665775   0.691671
      0.48    0.67434   0.674972   0.674656
      0.49   0.649742   0.682521   0.665728
       0.5   0.603414   0.693996   0.645543
      0.51   0.557229   0.695739   0.618828
      0.52   0.519148   0.688143   0.591818
      0.53   0.450229   0.665849   0.537211
      0.54   0.416595   0.660927   0.511059
      0.55   0.380092   0.647909   0.479114
      0.56   0.345668   0.640857   0.449099
      0.57    0.29432   0.602262   0.395408
      0.58   0.264702   0.587755   0.365015
      0.59   0.222246   0.550058   0.316581
       0.6   0.197074    0.52716   0.286895
      0.61   0.175559    0.55796   0.267083
      0.62   0.141064   0.602128   0.228578
      0.63   0.133749    0.73487   0.226309
      0.64  0.0988239   0.916201   0.178405
      0.65   0.062751   0.904348   0.117359
      0.66  0.0324154      0.875  0.0625148
      0.67   0.011331        0.8  0.0223456
      0.68 0.00473322          1 0.00942184
      0.69          0          0          0
       0.7          0          0          0
      0.71          0          0          0
      0.72          0          0          0
      0.73          0          0          0
      0.74          0          0          0
      0.75          0          0          0
      0.76          0          0          0
      0.77          0          0          0
      0.78          0          0          0
      0.79          0          0          0
       0.8          0          0          0
      0.81          0          0          0
      0.82          0          0          0
      0.83          0          0          0
      0.84          0          0          0
      0.85          0          0          0
      0.86          0          0          0
      0.87          0          0          0
      0.88          0          0          0
      0.89          0          0          0
       0.9          0          0          0
      0.91          0          0          0
      0.92          0          0          0
      0.93          0          0          0
      0.94          0          0          0
      0.95          0          0          0
      0.96          0          0          0
      0.97          0          0          0
      0.98          0          0          0
      0.99          0          0          0
