         0          1   0.171113   0.292223
      0.01   0.971423   0.142963   0.249245
      0.02   0.971423   0.142963   0.249245
      0.03   0.971423   0.142963   0.249245
      0.04   0.971423   0.142963   0.249245
      0.05   0.971423   0.142963   0.249245
      0.06   0.971423   0.142963   0.249245
      0.07   0.971423   0.142963   0.249245
      0.08   0.971423   0.142963   0.249245
      0.09   0.971423   0.142963   0.249245
       0.1   0.971423   0.142967   0.249251
      0.11   0.971423   0.142992    0.24929
      0.12   0.971423   0.143014   0.249322
      0.13   0.971423   0.143047   0.249373
      0.14   0.971423   0.143166   0.249554
      0.15   0.971423   0.143366   0.249857
      0.16   0.971423   0.143703   0.250369
      0.17   0.971423   0.144293   0.251263
      0.18   0.971423   0.144906   0.252192
      0.19   0.971423   0.146445   0.254521
       0.2   0.971423   0.147898   0.256711
      0.21   0.971233   0.150638   0.260822
      0.22   0.971042   0.153784   0.265518
      0.23   0.971042   0.156701   0.269854
      0.24   0.970375   0.162188   0.277925
      0.25   0.969804   0.166283   0.283891
      0.26    0.96466   0.173991   0.294809
      0.27   0.961993   0.180244   0.303603
      0.28    0.95742    0.19036   0.317578
      0.29   0.953229   0.198641   0.328771
       0.3    0.94056   0.215016   0.350016
      0.31   0.932368   0.234334   0.374535
      0.32   0.924557   0.249652   0.393146
      0.33   0.913317   0.277599   0.425783
      0.34   0.905982   0.299736   0.450446
      0.35   0.889789   0.338754   0.490694
      0.36   0.882835   0.367296   0.518764
      0.37   0.869308   0.411378   0.558473
      0.38   0.857592   0.441251   0.582693
      0.39   0.844161   0.488996   0.619269
       0.4   0.835111   0.518448   0.639738
      0.41   0.813488   0.560228   0.663512
      0.42   0.786245   0.600303   0.680806
      0.43   0.765479   0.625556    0.68848
      0.44   0.734045   0.656477   0.693097
      0.45   0.709373   0.672627   0.690512
      0.46   0.656411   0.698861   0.676971
      0.47   0.629644   0.708085   0.666565
      0.48   0.574871   0.715258   0.637426
      0.49   0.522195   0.717908   0.604608
       0.5   0.478853   0.738744   0.581062
      0.51    0.44418   0.759173    0.56045
      0.52   0.417413   0.767923   0.540844
      0.53   0.360069   0.780509   0.492797
      0.54   0.320442   0.798387   0.457329
      0.55   0.277005   0.838107   0.416389
      0.56   0.245571   0.853916   0.381445
      0.57   0.191465   0.886598   0.314921
      0.58   0.160507       0.92   0.273328
      0.59   0.143646   0.969136   0.250207
       0.6   0.131168   0.996454    0.23182
      0.61   0.117832          1   0.210822
      0.62   0.104972          1       0.19
      0.63  0.0970661          1   0.176956
      0.64  0.0911602          1   0.167089
      0.65  0.0866832          1   0.159537
      0.66  0.0749667          1   0.139477
      0.67  0.0625833          1   0.117795
      0.68  0.0447704          1  0.0857039
      0.69  0.0283864          1  0.0552056
       0.7  0.0211469          1  0.0414179
      0.71   0.015241          1  0.0300244
      0.72 0.00923986          1  0.0183105
      0.73          0          0          0
      0.74          0          0          0
      0.75          0          0          0
      0.76          0          0          0
      0.77          0          0          0
      0.78          0          0          0
      0.79          0          0          0
       0.8          0          0          0
      0.81          0          0          0
      0.82          0          0          0
      0.83          0          0          0
      0.84          0          0          0
      0.85          0          0          0
      0.86          0          0          0
      0.87          0          0          0
      0.88          0          0          0
      0.89          0          0          0
       0.9          0          0          0
      0.91          0          0          0
      0.92          0          0          0
      0.93          0          0          0
      0.94          0          0          0
      0.95          0          0          0
      0.96          0          0          0
      0.97          0          0          0
      0.98          0          0          0
      0.99          0          0          0
