         0          1   0.391539   0.562742
      0.01   0.878574   0.480149   0.620945
      0.02   0.878574   0.480149   0.620945
      0.03   0.878574   0.480149   0.620945
      0.04   0.878574   0.480149   0.620945
      0.05   0.878574   0.480149   0.620945
      0.06   0.878574   0.480149   0.620945
      0.07   0.878574   0.480149   0.620945
      0.08   0.878574   0.480149   0.620945
      0.09   0.878574   0.480149   0.620945
       0.1   0.878574   0.480149   0.620945
      0.11   0.878574   0.480149   0.620945
      0.12   0.878574   0.480149   0.620945
      0.13   0.878574   0.480149   0.620945
      0.14   0.878574   0.480201   0.620989
      0.15   0.878574   0.480199   0.620987
      0.16   0.878574   0.480273   0.621049
      0.17   0.878574    0.48035   0.621113
      0.18   0.878469   0.480473    0.62119
      0.19   0.877803   0.480714   0.621225
       0.2   0.877803   0.480904   0.621384
      0.21   0.877663   0.480885   0.621332
      0.22   0.877558   0.481357     0.6217
      0.23   0.877208    0.48157   0.621789
      0.24   0.877068   0.482639   0.622645
      0.25   0.876647   0.483331   0.623114
      0.26   0.875105   0.483915   0.623209
      0.27   0.873598   0.484535    0.62334
      0.28   0.867781   0.484636   0.621935
      0.29   0.864242   0.485164   0.621457
       0.3   0.857969   0.488078   0.622201
      0.31    0.85089   0.492039   0.623519
      0.32   0.845423   0.495407    0.62473
      0.33   0.834034   0.499645   0.624919
      0.34    0.82622   0.504091   0.626154
      0.35   0.812377    0.51118   0.627507
      0.36   0.805334   0.517994   0.630468
      0.37   0.781574   0.525916    0.62875
      0.38   0.760793   0.534453   0.627847
      0.39   0.728063   0.548397   0.625586
       0.4   0.707072   0.556513   0.622823
      0.41   0.668944   0.566223   0.613312
      0.42   0.631238   0.579056   0.604022
      0.43   0.597561   0.583995     0.5907
      0.44   0.551093   0.594605   0.572023
      0.45   0.524075    0.60182   0.560263
      0.46   0.478834   0.619225   0.540054
      0.47   0.453252   0.631957   0.527891
      0.48   0.409378   0.649955   0.502348
      0.49   0.379626   0.661285   0.482348
       0.5   0.350715   0.696314   0.466477
      0.51   0.319281   0.723303   0.443009
      0.52   0.296678   0.749595   0.425106
      0.53    0.27425   0.797477   0.408141
      0.54   0.252138   0.809596   0.384521
      0.55   0.212924   0.844762    0.34012
      0.56   0.195157   0.863341   0.318351
      0.57   0.168349   0.883355   0.282802
      0.58   0.155803   0.879261   0.264702
      0.59   0.135198   0.868988   0.233991
       0.6   0.122197    0.85918   0.213962
      0.61   0.109861   0.851272   0.194607
      0.62  0.0976661   0.836645   0.174914
      0.63  0.0908326   0.831776    0.16378
      0.64  0.0744673   0.806452   0.136345
      0.65  0.0670031   0.783537    0.12345
      0.66  0.0481847   0.704641  0.0902014
      0.67  0.0299622   0.581818  0.0569895
      0.68  0.0121601    0.45614  0.0236886
      0.69   0.010513   0.416667  0.0205086
       0.7 0.00294365   0.257576 0.00582078
      0.71 0.00220774   0.358974 0.00438849
      0.72 0.00210261        0.4 0.00418323
      0.73 0.00154191   0.615385 0.00307612
      0.74 0.00112139          1 0.00224027
      0.75          0          0          0
      0.76          0          0          0
      0.77          0          0          0
      0.78          0          0          0
      0.79          0          0          0
       0.8          0          0          0
      0.81          0          0          0
      0.82          0          0          0
      0.83          0          0          0
      0.84          0          0          0
      0.85          0          0          0
      0.86          0          0          0
      0.87          0          0          0
      0.88          0          0          0
      0.89          0          0          0
       0.9          0          0          0
      0.91          0          0          0
      0.92          0          0          0
      0.93          0          0          0
      0.94          0          0          0
      0.95          0          0          0
      0.96          0          0          0
      0.97          0          0          0
      0.98          0          0          0
      0.99          0          0          0
