         0          1   0.216663    0.35616
      0.01   0.998007    0.69895   0.822127
      0.02   0.998007    0.69895   0.822127
      0.03   0.998007    0.69895   0.822127
      0.04   0.998007    0.69895   0.822127
      0.05   0.998007    0.69895   0.822127
      0.06   0.998007    0.69895   0.822127
      0.07   0.998007    0.69895   0.822127
      0.08   0.998007    0.69895   0.822127
      0.09   0.998007    0.69895   0.822127
       0.1   0.998007    0.69895   0.822127
      0.11   0.998007    0.69895   0.822127
      0.12   0.998007    0.69895   0.822127
      0.13   0.998007    0.69895   0.822127
      0.14   0.998007   0.699244    0.82233
      0.15   0.998007   0.699636   0.822601
      0.16   0.998007   0.700126    0.82294
      0.17   0.998007   0.700224   0.823008
      0.18   0.998007   0.700224   0.823008
      0.19   0.998007   0.700182   0.822979
       0.2   0.998007   0.700182   0.822979
      0.21   0.998007   0.700182   0.822979
      0.22   0.998007   0.700407   0.823134
      0.23   0.998007    0.70135   0.823785
      0.24   0.998007   0.703103   0.824993
      0.25   0.998007   0.703191   0.825054
      0.26   0.997962   0.702932    0.82486
      0.27   0.997871    0.70291   0.824813
      0.28   0.996649   0.703192   0.824589
      0.29   0.996649    0.70337   0.824712
       0.3   0.995969   0.704836   0.825485
      0.31   0.995516   0.706044   0.826157
      0.32   0.995109    0.70708   0.826725
      0.33   0.993433   0.710399   0.828407
      0.34   0.993252   0.713184   0.830235
      0.35   0.992482   0.720248    0.83473
      0.36   0.991893   0.724751   0.837536
      0.37    0.98904   0.732924   0.841935
      0.38   0.986911   0.738023   0.844511
      0.39   0.979167     0.7464   0.847084
       0.4   0.977672   0.754573   0.851756
      0.41   0.975091   0.767401   0.858868
      0.42   0.970199    0.78639   0.868678
      0.43   0.965036   0.797315   0.873195
      0.44   0.955842   0.817978   0.881553
      0.45   0.944973   0.833653   0.885829
      0.46    0.93596   0.856073   0.894236
      0.47   0.921603   0.873163   0.896729
      0.48   0.902582   0.899111   0.900843
      0.49   0.892663   0.911579   0.902022
       0.5   0.873913   0.938303   0.904964
      0.51   0.852038   0.961128   0.903301
      0.52   0.842618   0.976594   0.904672
      0.53   0.821467   0.986491   0.896448
      0.54   0.807699   0.991304   0.890133
      0.55   0.752582   0.998537   0.858286
      0.56   0.720109   0.999224   0.837011
      0.57   0.670018          1   0.802408
      0.58   0.638949          1   0.779706
      0.59   0.596558          1   0.747305
       0.6   0.573868          1   0.729245
      0.61   0.513632          1   0.678675
      0.62   0.456522          1   0.626866
      0.63   0.419611          1   0.591163
      0.64   0.355254          1   0.524261
      0.65   0.311232          1   0.474717
      0.66   0.242618          1   0.390495
      0.67   0.192889          1   0.323399
      0.68  0.0977355          1   0.178067
      0.69  0.0526268          1  0.0999914
       0.7  0.0376812          1  0.0726257
      0.71  0.0185688          1  0.0364606
      0.72          0          0          0
      0.73          0          0          0
      0.74          0          0          0
      0.75          0          0          0
      0.76          0          0          0
      0.77          0          0          0
      0.78          0          0          0
      0.79          0          0          0
       0.8          0          0          0
      0.81          0          0          0
      0.82          0          0          0
      0.83          0          0          0
      0.84          0          0          0
      0.85          0          0          0
      0.86          0          0          0
      0.87          0          0          0
      0.88          0          0          0
      0.89          0          0          0
       0.9          0          0          0
      0.91          0          0          0
      0.92          0          0          0
      0.93          0          0          0
      0.94          0          0          0
      0.95          0          0          0
      0.96          0          0          0
      0.97          0          0          0
      0.98          0          0          0
      0.99          0          0          0
