         0          1   0.205491   0.340925
      0.01    0.95417    0.30151   0.458225
      0.02    0.95417    0.30151   0.458225
      0.03    0.95417    0.30151   0.458225
      0.04    0.95417    0.30151   0.458225
      0.05    0.95417    0.30151   0.458225
      0.06    0.95417    0.30151   0.458225
      0.07    0.95417    0.30151   0.458225
      0.08    0.95417    0.30151   0.458225
      0.09    0.95417    0.30151   0.458225
       0.1    0.95417    0.30151   0.458225
      0.11    0.95417   0.301526   0.458243
      0.12    0.95417   0.301541   0.458261
      0.13    0.95417   0.301557   0.458279
      0.14    0.95417   0.301537   0.458255
      0.15    0.95417   0.301609    0.45834
      0.16    0.95417   0.301703   0.458447
      0.17    0.95417   0.301864   0.458634
      0.18    0.95417   0.302162   0.458977
      0.19    0.95417   0.302782   0.459692
       0.2    0.95417   0.303362    0.46036
      0.21    0.95417   0.304844   0.462065
      0.22   0.954087   0.307902   0.465559
      0.23   0.954087   0.310319   0.468316
      0.24   0.954004   0.316275   0.475057
      0.25   0.953921   0.321625   0.481057
      0.26   0.953004   0.330874   0.491206
      0.27   0.950587   0.338558    0.49929
      0.28   0.948504   0.353685   0.515243
      0.29   0.943838    0.36515   0.526579
       0.3   0.934005    0.38573   0.545979
      0.31   0.924173   0.413654   0.571506
      0.32   0.914924   0.433991   0.588723
      0.33   0.900842    0.46996   0.617682
      0.34   0.883593   0.492993   0.632877
      0.35   0.856929   0.538608   0.661464
      0.36   0.817765   0.574115   0.674614
      0.37   0.775019   0.628552   0.694143
      0.38   0.743938   0.664343   0.701891
      0.39   0.692692   0.700031   0.696342
       0.4   0.658112   0.723473   0.689246
      0.41   0.609699   0.748929    0.67218
      0.42   0.563703   0.762881   0.648339
      0.43    0.51704   0.760167   0.615463
      0.44   0.467294   0.754916   0.577262
      0.45   0.425131   0.747611   0.542034
      0.46   0.373219   0.746063   0.497542
      0.47   0.325806   0.733639   0.451225
      0.48   0.263478   0.706325   0.383792
      0.49   0.212482   0.695811    0.32555
       0.5   0.147154    0.66416   0.240928
      0.51   0.109741   0.649832   0.187772
      0.52  0.0886593   0.635593   0.155612
      0.53  0.0778268   0.694915   0.139977
      0.54  0.0649946   0.807692   0.120308
      0.55  0.0536622   0.854369   0.100982
      0.56  0.0471627   0.897727  0.0896174
      0.57  0.0379135          1  0.0730572
      0.58  0.0294975          1  0.0573047
      0.59  0.0255812          1  0.0498863
       0.6  0.0255812          1  0.0498863
      0.61  0.0239147          1  0.0467122
      0.62  0.0226648          1  0.0443249
      0.63  0.0208316          1   0.040813
      0.64  0.0187484          1  0.0368068
      0.65  0.0179985          1  0.0353606
      0.66  0.0157487          1   0.031009
      0.67  0.0154987          1  0.0305243
      0.68   0.012249          1  0.0242015
      0.69   0.011499          1  0.0227366
       0.7 0.00866594          1   0.017183
      0.71 0.00408299          1 0.00813278
      0.72          0          0          0
      0.73          0          0          0
      0.74          0          0          0
      0.75          0          0          0
      0.76          0          0          0
      0.77          0          0          0
      0.78          0          0          0
      0.79          0          0          0
       0.8          0          0          0
      0.81          0          0          0
      0.82          0          0          0
      0.83          0          0          0
      0.84          0          0          0
      0.85          0          0          0
      0.86          0          0          0
      0.87          0          0          0
      0.88          0          0          0
      0.89          0          0          0
       0.9          0          0          0
      0.91          0          0          0
      0.92          0          0          0
      0.93          0          0          0
      0.94          0          0          0
      0.95          0          0          0
      0.96          0          0          0
      0.97          0          0          0
      0.98          0          0          0
      0.99          0          0          0
