         0          1   0.214804   0.353644
      0.01   0.942301   0.466938   0.624445
      0.02   0.942301   0.466938   0.624445
      0.03   0.942301   0.466938   0.624445
      0.04   0.942301   0.466938   0.624445
      0.05   0.942301   0.466938   0.624445
      0.06   0.942301   0.466938   0.624445
      0.07   0.942301   0.466938   0.624445
      0.08   0.942301   0.466938   0.624445
      0.09   0.942301   0.466938   0.624445
       0.1   0.942301   0.466938   0.624445
      0.11   0.942301   0.466938   0.624445
      0.12   0.942301   0.466938   0.624445
      0.13   0.942301   0.467073   0.624566
      0.14   0.942301     0.4673   0.624768
      0.15   0.942301   0.467708   0.625133
      0.16   0.942301   0.468252   0.625619
      0.17   0.942301   0.469986   0.627165
      0.18   0.942301    0.47118   0.628227
      0.19   0.942301   0.474378   0.631063
       0.2   0.942301   0.477331   0.633671
      0.21   0.942301   0.483593   0.639164
      0.22   0.942301    0.48991   0.644658
      0.23   0.942301   0.496846   0.650633
      0.24   0.942301   0.508653   0.660674
      0.25   0.942301   0.517731   0.668285
      0.26   0.941927   0.533371   0.681078
      0.27    0.94133   0.544709   0.690091
      0.28   0.940285   0.564378   0.705375
      0.29   0.939688   0.576775   0.714806
       0.3   0.938792   0.594654   0.728107
      0.31   0.937001   0.616524   0.743707
      0.32   0.935881   0.631535    0.75416
      0.33   0.931253   0.651636   0.766747
      0.34   0.928342   0.667074   0.776315
      0.35     0.9214   0.687077   0.787171
      0.36   0.913637   0.698719   0.791854
      0.37   0.905128   0.716431     0.7998
      0.38   0.902068   0.727897   0.805677
      0.39   0.891095   0.742159   0.809836
       0.4    0.88475    0.75474    0.81459
      0.41   0.869523   0.771608   0.817644
      0.42   0.846234   0.791335   0.817864
      0.43   0.826528   0.804004   0.815111
      0.44   0.806822   0.820144   0.813429
      0.45   0.792118   0.828852   0.810068
      0.46   0.764574    0.84477   0.802674
      0.47   0.742405   0.856209   0.795256
      0.48   0.696126   0.870545   0.773627
      0.49   0.657013   0.877455   0.751399
       0.5   0.622602   0.889033   0.732338
      0.51   0.586922   0.898264    0.70996
      0.52   0.569754   0.904687   0.699179
      0.53   0.537061    0.91245   0.676147
      0.54   0.512204   0.914268   0.656574
      0.55   0.482571   0.914089   0.631668
      0.56   0.452116   0.913208   0.604803
      0.57   0.411809   0.914186    0.56783
      0.58   0.374338   0.913255   0.531015
      0.59   0.329402   0.918367   0.484885
       0.6   0.301485   0.917603   0.453854
      0.61      0.267   0.914493   0.413324
      0.62   0.222438   0.908127   0.357347
      0.63   0.200045   0.918699   0.328549
      0.64   0.170635    0.91866   0.287811
      0.65   0.148541   0.903955   0.255154
      0.66   0.108308   0.892857   0.193182
      0.67  0.0885273   0.901288   0.161219
      0.68  0.0545645   0.922222   0.103033
      0.69  0.0507576   0.955975   0.096397
       0.7  0.0382175   0.959016  0.0735058
      0.71  0.0267224   0.977011  0.0520219
      0.72  0.0201538   0.985294  0.0394996
      0.73  0.0118683          1  0.0234582
      0.74  0.0109726          1   0.021707
      0.75  0.0070165          1  0.0139352
      0.76 0.00559827          1  0.0111342
      0.77 0.00328432          1 0.00654713
      0.78 0.000746436          1 0.00149176
      0.79          0          0          0
       0.8          0          0          0
      0.81          0          0          0
      0.82          0          0          0
      0.83          0          0          0
      0.84          0          0          0
      0.85          0          0          0
      0.86          0          0          0
      0.87          0          0          0
      0.88          0          0          0
      0.89          0          0          0
       0.9          0          0          0
      0.91          0          0          0
      0.92          0          0          0
      0.93          0          0          0
      0.94          0          0          0
      0.95          0          0          0
      0.96          0          0          0
      0.97          0          0          0
      0.98          0          0          0
      0.99          0          0          0
