         0          1   0.406617   0.578148
      0.01   0.917314    0.57466   0.706639
      0.02   0.917314    0.57466   0.706639
      0.03   0.917314    0.57466   0.706639
      0.04   0.917314    0.57466   0.706639
      0.05   0.917314    0.57466   0.706639
      0.06   0.917314    0.57466   0.706639
      0.07   0.917314    0.57466   0.706639
      0.08   0.917314    0.57466   0.706639
      0.09   0.917314    0.57466   0.706639
       0.1   0.917314    0.57466   0.706639
      0.11   0.917314   0.574687    0.70666
      0.12   0.917314   0.574743   0.706702
      0.13   0.917314   0.574881   0.706806
      0.14   0.917314   0.574909   0.706827
      0.15   0.917314   0.575407   0.707204
      0.16   0.917314   0.575574   0.707329
      0.17   0.917314   0.576359   0.707922
      0.18   0.917314   0.577105   0.708485
      0.19   0.917314   0.579113   0.709996
       0.2   0.917314   0.580727   0.711207
      0.21   0.917314   0.584222   0.713822
      0.22   0.917195    0.58851   0.716978
      0.23   0.916957   0.591789   0.719332
      0.24   0.916363   0.599774   0.725014
      0.25    0.91553   0.605342   0.728804
      0.26   0.912201   0.614372   0.734233
      0.27   0.910219   0.620753   0.738121
      0.28   0.905423   0.633248   0.745263
      0.29   0.903124   0.639251   0.748616
       0.3   0.900151   0.651532   0.755924
      0.31   0.888655   0.660693   0.757904
      0.32    0.88053   0.667499   0.759356
      0.33   0.868876   0.679889   0.762852
      0.34   0.860869   0.686184   0.763664
      0.35   0.839306   0.694483   0.760057
      0.36   0.815324    0.69975   0.753129
      0.37   0.780601   0.711331   0.744358
      0.38   0.749049     0.7205   0.734497
      0.39   0.697756   0.734047   0.715442
       0.4   0.669851   0.746621   0.706156
      0.41   0.615903   0.767422   0.683364
      0.42   0.551094    0.78321   0.646962
      0.43   0.507571   0.794663   0.619471
      0.44   0.444427   0.809239   0.573753
      0.45   0.414262   0.819682    0.55037
      0.46   0.376328   0.858476   0.523271
      0.47   0.342635   0.867501   0.491244
      0.48   0.297804   0.879604    0.44496
      0.49   0.265578   0.890564   0.409144
       0.5    0.21825   0.913941   0.352356
      0.51   0.179087   0.947183   0.301221
      0.52    0.15348   0.958748   0.264602
      0.53   0.118915   0.975191   0.211982
      0.54   0.101633   0.984749    0.18425
      0.55   0.078841   0.988166   0.146031
      0.56  0.0602109   0.985866    0.11349
      0.57  0.0465356   0.979798  0.0888512
      0.58  0.0387664   0.972789  0.0745616
      0.59  0.0193039          1  0.0378767
       0.6   0.010742          1  0.0212557
      0.61 0.00285397          1  0.0056917
      0.62          0          0          0
      0.63          0          0          0
      0.64          0          0          0
      0.65          0          0          0
      0.66          0          0          0
      0.67          0          0          0
      0.68          0          0          0
      0.69          0          0          0
       0.7          0          0          0
      0.71          0          0          0
      0.72          0          0          0
      0.73          0          0          0
      0.74          0          0          0
      0.75          0          0          0
      0.76          0          0          0
      0.77          0          0          0
      0.78          0          0          0
      0.79          0          0          0
       0.8          0          0          0
      0.81          0          0          0
      0.82          0          0          0
      0.83          0          0          0
      0.84          0          0          0
      0.85          0          0          0
      0.86          0          0          0
      0.87          0          0          0
      0.88          0          0          0
      0.89          0          0          0
       0.9          0          0          0
      0.91          0          0          0
      0.92          0          0          0
      0.93          0          0          0
      0.94          0          0          0
      0.95          0          0          0
      0.96          0          0          0
      0.97          0          0          0
      0.98          0          0          0
      0.99          0          0          0
