         0          1   0.364376   0.534128
      0.01   0.952966   0.406059   0.569467
      0.02   0.952966   0.406059   0.569467
      0.03   0.952966   0.406059   0.569467
      0.04   0.952966   0.406059   0.569467
      0.05   0.952966   0.406059   0.569467
      0.06   0.952966   0.406059   0.569467
      0.07   0.952966   0.406059   0.569467
      0.08   0.952966   0.406059   0.569467
      0.09   0.952966   0.406059   0.569467
       0.1   0.952966   0.406059   0.569467
      0.11   0.952966   0.406059   0.569467
      0.12   0.952966   0.406059   0.569467
      0.13   0.952966   0.406059   0.569467
      0.14   0.952966   0.406059   0.569467
      0.15   0.952966   0.406067   0.569476
      0.16   0.952966   0.406098   0.569506
      0.17   0.952966    0.40623   0.569636
      0.18   0.952966   0.406415   0.569818
      0.19   0.952966   0.406621   0.570021
       0.2   0.952966   0.406739   0.570136
      0.21   0.952966   0.407281   0.570668
      0.22   0.952862   0.408368   0.571716
      0.23   0.952758   0.409219   0.572531
      0.24   0.951981   0.411578   0.574694
      0.25   0.951774   0.412988   0.576029
      0.26   0.951101   0.416421   0.579235
      0.27   0.950479   0.419474   0.582066
      0.28   0.949236   0.425527    0.58763
      0.29    0.94763    0.42926   0.590868
       0.3   0.943072   0.436977   0.597227
      0.31   0.935768   0.445233   0.603381
      0.32   0.931054   0.452013   0.608573
      0.33   0.921109   0.464338   0.617426
      0.34   0.911318   0.473568   0.623258
      0.35   0.894017   0.487555   0.630995
      0.36   0.880394    0.49639    0.63484
      0.37   0.854649   0.513073   0.641208
      0.38   0.834551   0.524661    0.64428
      0.39   0.799534   0.541262   0.645523
       0.4   0.775499   0.555514   0.647327
      0.41   0.735457   0.579488   0.648223
      0.42   0.692152   0.596872   0.640991
      0.43   0.663818   0.610624   0.636111
      0.44   0.618337    0.63262   0.625397
      0.45   0.587568   0.651926   0.618076
      0.46   0.542191   0.671728   0.600048
      0.47   0.511215   0.689018   0.586946
      0.48   0.467547    0.71919   0.566689
      0.49   0.441026   0.741926   0.553207
       0.5   0.398705   0.769125   0.525169
      0.51   0.363688   0.787719   0.497624
      0.52   0.330018   0.804889   0.468105
      0.53   0.288578   0.827699   0.427951
      0.54   0.270344   0.847561   0.409933
      0.55   0.239782   0.869693    0.37592
      0.56   0.223206   0.883333   0.356364
      0.57   0.185703   0.884381   0.306952
      0.58   0.165087   0.886234   0.278327
      0.59   0.141052   0.893108   0.243626
       0.6    0.13064   0.910277   0.228488
      0.61   0.104895   0.918067   0.188278
      0.62  0.0852629   0.951977   0.156508
      0.63  0.0746439   0.964413   0.138563
      0.64  0.0614867          1    0.11585
      0.65  0.0505569          1  0.0962477
      0.66  0.0386946          1  0.0745063
      0.67  0.0300958          1  0.0584331
      0.68  0.0185962          1  0.0365134
      0.69   0.012691          1  0.0250639
       0.7 0.00916861          1  0.0181706
      0.71          0          0          0
      0.72          0          0          0
      0.73          0          0          0
      0.74          0          0          0
      0.75          0          0          0
      0.76          0          0          0
      0.77          0          0          0
      0.78          0          0          0
      0.79          0          0          0
       0.8          0          0          0
      0.81          0          0          0
      0.82          0          0          0
      0.83          0          0          0
      0.84          0          0          0
      0.85          0          0          0
      0.86          0          0          0
      0.87          0          0          0
      0.88          0          0          0
      0.89          0          0          0
       0.9          0          0          0
      0.91          0          0          0
      0.92          0          0          0
      0.93          0          0          0
      0.94          0          0          0
      0.95          0          0          0
      0.96          0          0          0
      0.97          0          0          0
      0.98          0          0          0
      0.99          0          0          0
