         0          1   0.374026   0.544424
      0.01   0.750223   0.331769   0.460079
      0.02   0.750223   0.331769   0.460079
      0.03   0.750223   0.331769   0.460079
      0.04   0.750223   0.331769   0.460079
      0.05   0.750223   0.331769   0.460079
      0.06   0.750223   0.331769   0.460079
      0.07   0.750223   0.331769   0.460079
      0.08   0.750223   0.331769   0.460079
      0.09   0.750223   0.331769   0.460079
       0.1   0.750223   0.331769   0.460079
      0.11   0.750223   0.331769   0.460079
      0.12   0.750223   0.331769   0.460079
      0.13   0.750223   0.331769   0.460079
      0.14   0.750223   0.331769   0.460079
      0.15   0.750223   0.331784   0.460093
      0.16   0.750223   0.331798   0.460107
      0.17   0.750223   0.331842   0.460149
      0.18   0.750223   0.331886   0.460191
      0.19   0.750223   0.332046   0.460345
       0.2   0.750223   0.332294   0.460583
      0.21   0.750223   0.332908   0.461173
      0.22   0.750223   0.333893   0.462117
      0.23   0.750223   0.334973    0.46315
      0.24   0.750223   0.336719   0.464817
      0.25   0.750223   0.338637   0.466641
      0.26   0.750223   0.342804   0.470582
      0.27   0.750223   0.346168   0.473742
      0.28   0.750223   0.352001   0.479175
      0.29   0.750223   0.356719   0.483528
       0.3   0.750223   0.366216   0.492179
      0.31   0.750223   0.378072   0.502774
      0.32   0.750104   0.388071   0.511509
      0.33   0.750045   0.405525   0.526427
      0.34   0.750045    0.41869   0.537395
      0.35   0.749926   0.442409   0.556511
      0.36   0.749568   0.460393   0.570425
      0.37   0.747483   0.490458   0.592288
      0.38   0.747185   0.510941   0.606883
      0.39   0.745874     0.5455   0.630141
       0.4   0.743312   0.568545   0.644287
      0.41   0.740928   0.606345   0.666915
      0.42   0.734791   0.644235    0.68654
      0.43   0.729429   0.667889   0.697303
      0.44   0.719001   0.702184   0.710493
      0.45   0.706489   0.726377   0.716295
      0.46   0.686826   0.753541   0.718638
      0.47   0.670142   0.772299   0.717603
      0.48     0.6447    0.79851   0.713409
      0.49   0.621522   0.816982   0.705973
       0.5   0.595066   0.839992   0.696628
      0.51    0.56736   0.863489   0.684781
      0.52   0.554907   0.874969   0.679117
      0.53   0.524281   0.891812   0.660352
      0.54   0.496514   0.897843   0.639423
      0.55   0.473574   0.906751   0.622193
      0.56   0.457308   0.911196   0.608982
      0.57   0.437049   0.916103   0.591777
      0.58   0.421081   0.917195    0.57718
      0.59   0.410058   0.920374   0.567344
       0.6   0.402848    0.92134   0.560585
      0.61   0.380027   0.926254   0.538937
      0.62   0.356909    0.93105    0.51601
      0.63      0.341   0.933598   0.499541
      0.64   0.317643   0.937709   0.474539
      0.65   0.294584   0.939099   0.448484
      0.66   0.261813   0.953251   0.410798
      0.67   0.227075   0.956072   0.366987
      0.68   0.186617   0.964013   0.312701
      0.69   0.159745     0.9729    0.27443
       0.7   0.129476   0.988462   0.228961
      0.71  0.0997438   0.993631   0.181289
      0.72  0.0636358   0.993506    0.11961
      0.73  0.0269916          1  0.0525644
      0.74  0.0119168          1   0.023553
      0.75          0          0          0
      0.76          0          0          0
      0.77          0          0          0
      0.78          0          0          0
      0.79          0          0          0
       0.8          0          0          0
      0.81          0          0          0
      0.82          0          0          0
      0.83          0          0          0
      0.84          0          0          0
      0.85          0          0          0
      0.86          0          0          0
      0.87          0          0          0
      0.88          0          0          0
      0.89          0          0          0
       0.9          0          0          0
      0.91          0          0          0
      0.92          0          0          0
      0.93          0          0          0
      0.94          0          0          0
      0.95          0          0          0
      0.96          0          0          0
      0.97          0          0          0
      0.98          0          0          0
      0.99          0          0          0
