         0          1   0.176767   0.300428
      0.01   0.976128   0.245264   0.392027
      0.02   0.976128   0.245264   0.392027
      0.03   0.976128   0.245264   0.392027
      0.04   0.976128   0.245264   0.392027
      0.05   0.976128   0.245264   0.392027
      0.06   0.976128   0.245264   0.392027
      0.07   0.976128   0.245264   0.392027
      0.08   0.976128   0.245264   0.392027
      0.09   0.976128   0.245264   0.392027
       0.1   0.976128   0.245264   0.392027
      0.11   0.976128   0.245264   0.392027
      0.12   0.976128   0.245295   0.392066
      0.13   0.976128   0.245341   0.392125
      0.14   0.976128    0.24548   0.392303
      0.15   0.976128   0.245651    0.39252
      0.16   0.976128   0.245805   0.392718
      0.17   0.976128   0.246287   0.393332
      0.18   0.976128   0.246958   0.394188
      0.19   0.976128   0.248138   0.395689
       0.2   0.976128   0.249376   0.397262
      0.21   0.976128   0.251745   0.400262
      0.22   0.976128   0.255496   0.404989
      0.23   0.976128   0.258624   0.408908
      0.24   0.976128   0.264608   0.416352
      0.25   0.976128    0.26901   0.421782
      0.26   0.976128   0.277333   0.431944
      0.27   0.976128   0.283448   0.439325
      0.28   0.976128   0.294332   0.452286
      0.29   0.976128   0.302516   0.461887
       0.3   0.976128   0.316653   0.478184
      0.31   0.976083   0.333362   0.496988
      0.32   0.976083   0.345536   0.510392
      0.33   0.976039   0.364438   0.530715
      0.34   0.976039   0.376931    0.54384
      0.35   0.975994    0.40122   0.568668
      0.36   0.975905   0.416996   0.584318
      0.37   0.975592   0.441211   0.607624
      0.38   0.975548   0.458776   0.624068
      0.39   0.974521   0.487065   0.649507
       0.4   0.973495   0.509763   0.669138
      0.41    0.97171   0.543326   0.696954
      0.42   0.970907   0.583441    0.72888
      0.43   0.969836   0.605419   0.745476
      0.44   0.968988   0.639906   0.770792
      0.45   0.967248   0.664643    0.78789
      0.46   0.965597   0.700264     0.8118
      0.47   0.964169    0.72066   0.824817
      0.48   0.962385   0.750339   0.843236
      0.49   0.959306    0.77153   0.855232
       0.5   0.951274   0.800765   0.869555
      0.51   0.942751   0.822004   0.878247
      0.52   0.932355   0.833381   0.880094
      0.53    0.92468   0.853039   0.887416
      0.54   0.919236   0.861602   0.889486
      0.55   0.903976   0.883219   0.893477
      0.56   0.889206    0.90228   0.895695
      0.57     0.8735   0.917024   0.894733
      0.58   0.858239   0.926363   0.891001
      0.59    0.83111   0.942299   0.883219
       0.6    0.81875   0.951575   0.880179
      0.61   0.788051   0.967179   0.868475
      0.62   0.748516   0.976849   0.847574
      0.63   0.721431   0.983223   0.832225
      0.64   0.670296   0.988284   0.798807
      0.65   0.607202   0.994681   0.754078
      0.66   0.524965          1   0.688495
      0.67    0.47026          1   0.639697
      0.68   0.380394          1   0.551138
      0.69   0.331177          1    0.49757
       0.7   0.209451          1   0.346357
      0.71  0.0636295          1   0.119646
      0.72  0.0319486          1   0.061919
      0.73          0          0          0
      0.74          0          0          0
      0.75          0          0          0
      0.76          0          0          0
      0.77          0          0          0
      0.78          0          0          0
      0.79          0          0          0
       0.8          0          0          0
      0.81          0          0          0
      0.82          0          0          0
      0.83          0          0          0
      0.84          0          0          0
      0.85          0          0          0
      0.86          0          0          0
      0.87          0          0          0
      0.88          0          0          0
      0.89          0          0          0
       0.9          0          0          0
      0.91          0          0          0
      0.92          0          0          0
      0.93          0          0          0
      0.94          0          0          0
      0.95          0          0          0
      0.96          0          0          0
      0.97          0          0          0
      0.98          0          0          0
      0.99          0          0          0
