         0          1   0.361785    0.53134
      0.01   0.964442   0.377709   0.542828
      0.02   0.964442   0.377709   0.542828
      0.03   0.964442   0.377709   0.542828
      0.04   0.964442   0.377709   0.542828
      0.05   0.964442   0.377709   0.542828
      0.06   0.964442   0.377709   0.542828
      0.07   0.964442   0.377709   0.542828
      0.08   0.964442   0.377709   0.542828
      0.09   0.964442   0.377709   0.542828
       0.1   0.964442   0.377709   0.542828
      0.11   0.964442   0.377709   0.542828
      0.12   0.964442   0.377709   0.542828
      0.13   0.964442   0.377723   0.542842
      0.14   0.964442   0.377737   0.542856
      0.15   0.964442   0.377779     0.5429
      0.16   0.964442   0.377848   0.542972
      0.17   0.964442   0.377988   0.543115
      0.18   0.964442   0.378141   0.543274
      0.19   0.964442   0.378546   0.543692
       0.2   0.964442   0.379102   0.544265
      0.21   0.964442   0.380371   0.545571
      0.22   0.964442   0.382315   0.547568
      0.23   0.964442   0.384032   0.549327
      0.24   0.964442   0.387989   0.553363
      0.25   0.964442   0.390935   0.556353
      0.26   0.964442    0.39779    0.56326
      0.27   0.964442   0.402845   0.568309
      0.28    0.96441   0.411748   0.577105
      0.29   0.964379   0.419574   0.584743
       0.3   0.964067   0.433198   0.597785
      0.31   0.963412   0.447646   0.611268
      0.32   0.963069   0.458848   0.621559
      0.33    0.96151   0.476099   0.636855
      0.34   0.959513   0.489963   0.648684
      0.35   0.955802   0.512946   0.667609
      0.36    0.95184   0.529258   0.680264
      0.37   0.943793   0.555831   0.699628
      0.38   0.935777   0.572338   0.710265
      0.39   0.922271   0.600524   0.727407
       0.4   0.909576   0.621023     0.7381
      0.41    0.88927   0.650876   0.751623
      0.42   0.867904   0.683756   0.764903
      0.43   0.845571   0.706156   0.769601
      0.44   0.803774   0.744424   0.772962
      0.45   0.778665   0.768798     0.7737
      0.46   0.738615   0.796847   0.766627
      0.47   0.705334   0.816013   0.756647
      0.48   0.648752    0.83665   0.730817
      0.49   0.613132   0.854324   0.713906
       0.5   0.541391   0.869957   0.667428
      0.51    0.48612   0.893113   0.629567
      0.52   0.445945   0.899192   0.596207
      0.53   0.388989   0.909509   0.544921
      0.54   0.354648   0.918052   0.511644
      0.55   0.309077   0.922871   0.463068
      0.56    0.28587   0.928571   0.437157
      0.57   0.247754   0.931444     0.3914
      0.58   0.233406   0.932118   0.373329
      0.59   0.186681   0.940051   0.311502
       0.6   0.170119   0.950292   0.288577
      0.61   0.144604   0.959436   0.251328
      0.62   0.133406      0.978   0.234786
      0.63   0.122614   0.988839   0.218175
      0.64   0.115128   0.997555   0.206431
      0.65   0.106114          1   0.191867
      0.66  0.0902059          1   0.165484
      0.67  0.0809732          1   0.149815
      0.68  0.0633188          1   0.119097
      0.69  0.0472551          1  0.0902457
       0.7   0.028821          1  0.0560272
      0.71 0.00489707          1 0.00974641
      0.72          0          0          0
      0.73          0          0          0
      0.74          0          0          0
      0.75          0          0          0
      0.76          0          0          0
      0.77          0          0          0
      0.78          0          0          0
      0.79          0          0          0
       0.8          0          0          0
      0.81          0          0          0
      0.82          0          0          0
      0.83          0          0          0
      0.84          0          0          0
      0.85          0          0          0
      0.86          0          0          0
      0.87          0          0          0
      0.88          0          0          0
      0.89          0          0          0
       0.9          0          0          0
      0.91          0          0          0
      0.92          0          0          0
      0.93          0          0          0
      0.94          0          0          0
      0.95          0          0          0
      0.96          0          0          0
      0.97          0          0          0
      0.98          0          0          0
      0.99          0          0          0
