         0          1   0.298178   0.459379
      0.01    0.93275   0.298471   0.452232
      0.02    0.93275   0.298471   0.452232
      0.03    0.93275   0.298471   0.452232
      0.04    0.93275   0.298471   0.452232
      0.05    0.93275   0.298471   0.452232
      0.06    0.93275   0.298471   0.452232
      0.07    0.93275   0.298471   0.452232
      0.08    0.93275   0.298471   0.452232
      0.09    0.93275   0.298471   0.452232
       0.1    0.93275   0.298471   0.452232
      0.11    0.93275   0.298471   0.452232
      0.12    0.93275   0.298471   0.452232
      0.13    0.93275   0.298471   0.452232
      0.14    0.93275   0.298484   0.452247
      0.15    0.93275   0.298509   0.452276
      0.16    0.93275   0.298509   0.452276
      0.17    0.93275   0.298548   0.452321
      0.18    0.93275    0.29878   0.452587
      0.19    0.93275   0.299233   0.453107
       0.2    0.93275   0.299727   0.453672
      0.21    0.93275   0.300989   0.455117
      0.22    0.93275    0.30298   0.457389
      0.23    0.93275   0.304882   0.459553
      0.24    0.93275    0.30899   0.464204
      0.25    0.93275   0.312617   0.468285
      0.26   0.932538   0.319652   0.476106
      0.27   0.932538    0.32601   0.483123
      0.28   0.932485   0.338119   0.496285
      0.29   0.930947   0.346412   0.504935
       0.3   0.930788   0.361946   0.521213
      0.31   0.929674   0.380518   0.540009
      0.32   0.928931   0.392625   0.551958
      0.33   0.925272    0.41464   0.572657
      0.34   0.923681   0.433472   0.590044
      0.35   0.918059   0.461865   0.614554
      0.36   0.911058   0.479075   0.627947
      0.37   0.898754   0.507393   0.648612
      0.38   0.890586   0.524453   0.660152
      0.39   0.871705   0.549501   0.674079
       0.4   0.853938   0.562414   0.678174
      0.41   0.835746   0.589108   0.691081
      0.42   0.802705   0.616391   0.697318
      0.43   0.781862   0.632923   0.699553
      0.44   0.748237   0.661752   0.702342
      0.45   0.734712   0.679215   0.705875
      0.46   0.703739   0.697666    0.70069
      0.47   0.678759   0.705191   0.691723
      0.48   0.635322   0.711675   0.671335
      0.49   0.595068   0.717053    0.65039
       0.5   0.546911   0.731528   0.625889
      0.51   0.478335   0.742057   0.581701
      0.52   0.450756   0.756571   0.564932
      0.53   0.412941   0.769088   0.537361
      0.54   0.384407   0.770768   0.512976
      0.55   0.343304   0.794591   0.479458
      0.56   0.316256   0.812221    0.45525
      0.57   0.276001    0.83908   0.415372
      0.58   0.252665   0.863899    0.39098
      0.59   0.225192   0.909357   0.360989
       0.6   0.200318   0.927869     0.3295
      0.61   0.180907   0.964981   0.304693
      0.62    0.15948   0.975664   0.274149
      0.63   0.153275   0.988124   0.265384
      0.64   0.141289   0.989691   0.247276
      0.65   0.132538   0.991713   0.233826
      0.66   0.117316          1   0.209997
      0.67    0.10533          1   0.190586
      0.68  0.0794484          1   0.147202
      0.69  0.0660833          1   0.123974
       0.7  0.0411562          1  0.0790586
      0.71 0.00636436          1  0.0126482
      0.72          0          0          0
      0.73          0          0          0
      0.74          0          0          0
      0.75          0          0          0
      0.76          0          0          0
      0.77          0          0          0
      0.78          0          0          0
      0.79          0          0          0
       0.8          0          0          0
      0.81          0          0          0
      0.82          0          0          0
      0.83          0          0          0
      0.84          0          0          0
      0.85          0          0          0
      0.86          0          0          0
      0.87          0          0          0
      0.88          0          0          0
      0.89          0          0          0
       0.9          0          0          0
      0.91          0          0          0
      0.92          0          0          0
      0.93          0          0          0
      0.94          0          0          0
      0.95          0          0          0
      0.96          0          0          0
      0.97          0          0          0
      0.98          0          0          0
      0.99          0          0          0
