         0          1    0.48887   0.656699
      0.01   0.928585   0.558299   0.697335
      0.02   0.928585   0.558299   0.697335
      0.03   0.928585   0.558299   0.697335
      0.04   0.928585   0.558299   0.697335
      0.05   0.928585   0.558299   0.697335
      0.06   0.928585   0.558299   0.697335
      0.07   0.928585   0.558299   0.697335
      0.08   0.928585   0.558299   0.697335
      0.09   0.928585   0.558299   0.697335
       0.1   0.928585   0.558299   0.697335
      0.11   0.928585   0.558299   0.697335
      0.12   0.928585   0.558299   0.697335
      0.13   0.928585   0.558299   0.697335
      0.14   0.928585   0.558299   0.697335
      0.15   0.928585   0.558381   0.697399
      0.16   0.928585   0.558544   0.697526
      0.17   0.928585   0.558822   0.697743
      0.18   0.928585   0.558888   0.697794
      0.19   0.928585   0.559461   0.698241
       0.2   0.928585   0.560244   0.698851
      0.21   0.928585    0.56159   0.699897
      0.22   0.928585   0.563515   0.701389
      0.23   0.928585   0.565983   0.703298
      0.24   0.928585   0.569728   0.706182
      0.25   0.928585   0.572552   0.708348
      0.26   0.928585   0.577963   0.712473
      0.27   0.928585   0.583197   0.716436
      0.28   0.928414   0.591939   0.722944
      0.29   0.928341   0.599798   0.728752
       0.3   0.927876   0.611187    0.73695
      0.31   0.927387   0.623513   0.745681
      0.32   0.927118   0.632212   0.751779
      0.33   0.926605   0.646036   0.761293
      0.34   0.925089    0.65528   0.767153
      0.35   0.921862   0.669335    0.77556
      0.36   0.921031   0.678805    0.78158
      0.37   0.915334    0.69071   0.787314
      0.38   0.912278   0.696845    0.79014
      0.39   0.904772   0.707594   0.794127
       0.4   0.899712   0.714319   0.796368
      0.41   0.892548   0.724188   0.799602
      0.42   0.882084   0.731569   0.799807
      0.43   0.875067   0.736852   0.800034
      0.44   0.853797    0.74427    0.79528
      0.45   0.838688   0.745844   0.789546
      0.46   0.817246   0.750961   0.782703
      0.47   0.799667   0.751762   0.774975
      0.48   0.765195   0.749607   0.757321
      0.49   0.734927   0.747263   0.741044
       0.5   0.695663   0.743561   0.718815
      0.51    0.65102   0.738658   0.692075
      0.52   0.633392   0.736529   0.681078
      0.53   0.586279   0.724991   0.648299
      0.54     0.5532   0.717118   0.624584
      0.55   0.513251   0.704478    0.59385
      0.56   0.483204   0.698834   0.571351
      0.57   0.443524   0.685747   0.538657
      0.58   0.417975     0.6773   0.516937
      0.59   0.383673   0.664502   0.486468
       0.6   0.365263   0.656945   0.469489
      0.61   0.332209   0.638809   0.437104
      0.62   0.294704   0.619942   0.399498
      0.63   0.262579   0.602941   0.365837
      0.64   0.221701   0.585668   0.321645
      0.65   0.191115   0.569838   0.286233
      0.66   0.163122   0.552813   0.251911
      0.67   0.151973   0.547362   0.237895
      0.68   0.131925   0.536232   0.211754
      0.69    0.11662   0.532088    0.19131
       0.7    0.10354   0.520349   0.172713
      0.71  0.0838345     0.4914   0.143233
      0.72  0.0727593   0.488372    0.12665
      0.73  0.0529314   0.456067   0.094854
      0.74  0.0358662   0.403315  0.0658743
      0.75  0.0240575   0.349776  0.0450186
      0.76  0.0118332   0.231405   0.022515
      0.77 0.000611217  0.0740741 0.00121243
      0.78          0          0          0
      0.79          0          0          0
       0.8          0          0          0
      0.81          0          0          0
      0.82          0          0          0
      0.83          0          0          0
      0.84          0          0          0
      0.85          0          0          0
      0.86          0          0          0
      0.87          0          0          0
      0.88          0          0          0
      0.89          0          0          0
       0.9          0          0          0
      0.91          0          0          0
      0.92          0          0          0
      0.93          0          0          0
      0.94          0          0          0
      0.95          0          0          0
      0.96          0          0          0
      0.97          0          0          0
      0.98          0          0          0
      0.99          0          0          0
