         0          1   0.242084   0.389803
      0.01   0.993007   0.250672   0.400294
      0.02   0.993007   0.250672   0.400294
      0.03   0.993007   0.250672   0.400294
      0.04   0.993007   0.250672   0.400294
      0.05   0.993007   0.250672   0.400294
      0.06   0.993007   0.250672   0.400294
      0.07   0.993007   0.250672   0.400294
      0.08   0.993007   0.250672   0.400294
      0.09   0.993007   0.250672   0.400294
       0.1   0.993007   0.250672   0.400294
      0.11   0.993007   0.250672   0.400294
      0.12   0.993007   0.250672   0.400294
      0.13   0.993007   0.250672   0.400294
      0.14   0.993007   0.250672   0.400294
      0.15   0.993007    0.25068   0.400305
      0.16   0.993007   0.250689   0.400316
      0.17   0.993007   0.250819   0.400482
      0.18   0.993007   0.250957   0.400658
      0.19   0.993007   0.251347   0.401155
       0.2   0.993007   0.251765   0.401687
      0.21   0.993007    0.25285   0.403067
      0.22   0.993007   0.254924   0.405698
      0.23   0.993007   0.257043   0.408376
      0.24   0.993007   0.261156    0.41355
      0.25   0.993007   0.265042   0.418408
      0.26   0.993007   0.272207   0.427285
      0.27   0.993007   0.278547   0.435057
      0.28   0.993007   0.290264   0.449218
      0.29   0.993007   0.298731   0.459291
       0.3   0.993007   0.314807   0.478059
      0.31   0.992947     0.3318   0.497392
      0.32   0.992947   0.344692   0.511738
      0.33   0.992648   0.367753   0.536679
      0.34    0.99223   0.384006   0.553716
      0.35   0.990258    0.40722   0.577115
      0.36   0.987927   0.422937   0.592305
      0.37   0.985177    0.44796   0.615879
      0.38   0.981412   0.461135    0.62745
      0.39   0.968023   0.482937   0.644393
       0.4   0.957145   0.495788   0.653218
      0.41   0.933596   0.516905   0.665398
      0.42   0.910167   0.541236   0.678812
      0.43   0.898034   0.555596    0.68648
      0.44   0.867551   0.573784    0.69073
      0.45   0.832586   0.583708    0.68628
      0.46   0.793198   0.591971   0.677968
      0.47   0.770904   0.598604   0.673915
      0.48   0.730859   0.603855   0.661314
      0.49   0.699301   0.608167   0.650558
       0.5    0.65023   0.607277    0.62802
      0.51   0.609946    0.60609   0.608012
      0.52   0.579105   0.602705   0.590669
      0.53   0.521427   0.592065   0.554506
      0.54   0.498416   0.591297   0.540898
      0.55   0.461538   0.589955   0.517905
      0.56   0.439842   0.588039   0.503257
      0.57   0.407746   0.585137   0.480595
      0.58   0.393342   0.583554    0.46993
      0.59   0.365788   0.577349    0.44784
       0.6   0.345586   0.576771   0.432206
      0.61   0.316717   0.571771   0.407636
      0.62   0.294782   0.563598   0.387098
      0.63    0.26424   0.556387   0.358311
      0.64   0.236567   0.545812   0.330073
      0.65   0.216126    0.53125   0.307253
      0.66   0.177933   0.503478   0.262941
      0.67   0.157612   0.484608   0.237862
      0.68   0.134361   0.467073    0.20869
      0.69   0.099217   0.441467   0.162021
       0.7  0.0552866   0.387947  0.0967809
      0.71  0.0298249   0.352041  0.0549909
      0.72  0.0216365   0.326861  0.0405864
      0.73 0.00854701        0.3  0.0166205
      0.74 0.00591716   0.258503  0.0115695
      0.75 0.00107585   0.123457 0.00213311
      0.76 0.000956309   0.122807 0.00189784
      0.77          0          0          0
      0.78          0          0          0
      0.79          0          0          0
       0.8          0          0          0
      0.81          0          0          0
      0.82          0          0          0
      0.83          0          0          0
      0.84          0          0          0
      0.85          0          0          0
      0.86          0          0          0
      0.87          0          0          0
      0.88          0          0          0
      0.89          0          0          0
       0.9          0          0          0
      0.91          0          0          0
      0.92          0          0          0
      0.93          0          0          0
      0.94          0          0          0
      0.95          0          0          0
      0.96          0          0          0
      0.97          0          0          0
      0.98          0          0          0
      0.99          0          0          0
