         0          1   0.319512   0.484288
      0.01   0.918607   0.301126   0.453569
      0.02   0.918607   0.301126   0.453569
      0.03   0.918607   0.301126   0.453569
      0.04   0.918607   0.301126   0.453569
      0.05   0.918607   0.301126   0.453569
      0.06   0.918607   0.301126   0.453569
      0.07   0.918607   0.301126   0.453569
      0.08   0.918607   0.301126   0.453569
      0.09   0.918607   0.301126   0.453569
       0.1   0.918607   0.301126   0.453569
      0.11   0.918607   0.301126   0.453569
      0.12   0.918607   0.301126   0.453569
      0.13   0.918607   0.301126   0.453569
      0.14   0.918607   0.301137   0.453581
      0.15   0.918607   0.301168   0.453617
      0.16   0.918607    0.30112   0.453562
      0.17   0.918607   0.301102   0.453542
      0.18   0.918607   0.301144    0.45359
      0.19   0.918607   0.301134   0.453578
       0.2   0.918607   0.301225   0.453682
      0.21   0.918324   0.301304   0.453736
      0.22   0.918324   0.301568   0.454036
      0.23   0.918182   0.301733   0.454205
      0.24   0.918041   0.302557   0.455121
      0.25   0.917545   0.302864   0.455407
      0.26   0.915635   0.303628   0.456034
      0.27   0.914785   0.304412   0.456811
      0.28   0.913653   0.305333   0.457706
      0.29   0.911529   0.306585   0.458843
       0.3    0.90884   0.308036   0.460122
      0.31   0.901975   0.309929   0.461337
      0.32    0.89886    0.31043   0.461482
      0.33   0.884918    0.31215   0.461506
      0.34   0.871895   0.313579   0.461263
      0.35   0.841178   0.314273   0.457587
      0.36   0.823979    0.31589   0.456696
      0.37   0.794111   0.317898   0.454036
      0.38   0.765164   0.317283   0.448564
      0.39   0.707693   0.317507   0.438348
       0.4   0.671668   0.319319   0.432854
      0.41   0.620285   0.326106   0.427474
      0.42   0.564867   0.330843   0.417283
      0.43   0.521764   0.333534   0.406936
      0.44   0.463302   0.337326   0.390403
      0.45   0.437823   0.343013   0.384662
      0.46   0.406823   0.352547   0.377745
      0.47   0.388704   0.363152   0.375494
      0.48   0.352537   0.374621   0.363244
      0.49   0.331517   0.381576   0.354789
       0.5   0.312478   0.394391   0.348688
      0.51   0.302711   0.404352   0.346226
      0.52   0.289617   0.411448   0.339947
      0.53   0.270083   0.421082   0.329088
      0.54   0.263571   0.427348   0.326049
      0.55   0.245523   0.436983   0.314399
      0.56   0.236393   0.444196   0.308571
      0.57   0.220539   0.457429   0.297598
      0.58    0.21424   0.466063   0.293544
      0.59   0.195484   0.473684   0.276755
       0.6      0.186   0.477044   0.267645
      0.61   0.174535    0.48932   0.257295
      0.62   0.155779   0.495785   0.237069
      0.63   0.144313   0.504705   0.224448
      0.64   0.132352   0.511066   0.210254
      0.65   0.124496   0.515464   0.200553
      0.66  0.0983084   0.516691   0.165187
      0.67  0.0841532   0.517827   0.144778
      0.68  0.0758723   0.536424   0.132941
      0.69  0.0671668   0.552198   0.119766
       0.7  0.0493312   0.553846  0.0905932
      0.71  0.0406257   0.540984  0.0755759
      0.72  0.0324864   0.541353  0.0612945
      0.73  0.0190389      0.525  0.0367452
      0.74  0.0173402   0.557692  0.0336346
      0.75 0.00099087   0.571429 0.00197831
      0.76 0.000636988          1 0.00127316
      0.77          0          0          0
      0.78          0          0          0
      0.79          0          0          0
       0.8          0          0          0
      0.81          0          0          0
      0.82          0          0          0
      0.83          0          0          0
      0.84          0          0          0
      0.85          0          0          0
      0.86          0          0          0
      0.87          0          0          0
      0.88          0          0          0
      0.89          0          0          0
       0.9          0          0          0
      0.91          0          0          0
      0.92          0          0          0
      0.93          0          0          0
      0.94          0          0          0
      0.95          0          0          0
      0.96          0          0          0
      0.97          0          0          0
      0.98          0          0          0
      0.99          0          0          0
