         0          1   0.384732   0.555677
      0.01   0.868985   0.438535   0.582906
      0.02   0.868985   0.438535   0.582906
      0.03   0.868985   0.438535   0.582906
      0.04   0.868985   0.438535   0.582906
      0.05   0.868985   0.438535   0.582906
      0.06   0.868985   0.438535   0.582906
      0.07   0.868985   0.438535   0.582906
      0.08   0.868985   0.438535   0.582906
      0.09   0.868985   0.438535   0.582906
       0.1   0.868985   0.438535   0.582906
      0.11   0.868985   0.438535   0.582906
      0.12   0.868985   0.438535   0.582906
      0.13   0.868985   0.438555   0.582923
      0.14   0.868985   0.438555   0.582923
      0.15   0.868985   0.438555   0.582923
      0.16   0.868985   0.438549   0.582918
      0.17   0.868985   0.438592   0.582956
      0.18   0.868985   0.438769   0.583112
      0.19   0.868985   0.438879   0.583209
       0.2   0.868985   0.439165   0.583461
      0.21   0.868985   0.439777   0.584001
      0.22   0.868985     0.4412   0.585255
      0.23   0.868985   0.442442   0.586347
      0.24   0.868412   0.444966   0.588427
      0.25   0.867667   0.447515    0.59048
      0.26   0.865662   0.451222   0.593227
      0.27    0.86211   0.453062   0.593974
      0.28   0.857527   0.456497   0.595816
      0.29   0.855694   0.459551   0.597965
       0.3   0.849851   0.464933   0.601047
      0.31    0.84206   0.470756     0.6039
      0.32   0.838279   0.474553    0.60603
      0.33   0.828941    0.47982   0.607815
      0.34   0.818515   0.484411   0.608627
      0.35   0.806428   0.492641   0.611637
      0.36   0.791648   0.500898   0.613572
      0.37   0.771311   0.513374   0.616449
      0.38   0.755385   0.522769   0.617909
      0.39   0.733158   0.536663   0.619707
       0.4   0.714368   0.544766   0.618144
      0.41   0.692599   0.562305   0.620688
      0.42   0.667335   0.576519   0.618612
      0.43   0.650092   0.584601    0.61561
      0.44   0.610736   0.591596   0.601014
      0.45   0.566052   0.593755   0.579573
      0.46   0.500573   0.600676   0.546075
      0.47   0.465399   0.605849   0.526417
      0.48   0.416247    0.61701   0.497124
      0.49   0.382046   0.627974    0.47507
       0.5   0.331577   0.644845   0.437957
      0.51   0.268676   0.649302   0.380078
      0.52   0.219523   0.663576   0.329907
      0.53   0.174152   0.688612   0.277998
      0.54   0.156279   0.721983   0.256941
      0.55   0.137259    0.74026   0.231579
      0.56   0.119386   0.754545   0.206154
      0.57  0.0915445   0.789174   0.164058
      0.58  0.0779102     0.8327   0.142489
      0.59  0.0704629   0.943878   0.131136
       0.6  0.0667392   0.994118   0.125081
      0.61   0.060495          1   0.114088
      0.62   0.047319          1  0.0903621
      0.63  0.0340284          1  0.0658172
      0.64  0.0273831          1  0.0533066
      0.65  0.0239459          1  0.0467718
      0.66 0.00922319          1  0.0182778
      0.67 0.00756187          1  0.0150102
      0.68 0.00160403          1 0.00320293
      0.69          0          0          0
       0.7          0          0          0
      0.71          0          0          0
      0.72          0          0          0
      0.73          0          0          0
      0.74          0          0          0
      0.75          0          0          0
      0.76          0          0          0
      0.77          0          0          0
      0.78          0          0          0
      0.79          0          0          0
       0.8          0          0          0
      0.81          0          0          0
      0.82          0          0          0
      0.83          0          0          0
      0.84          0          0          0
      0.85          0          0          0
      0.86          0          0          0
      0.87          0          0          0
      0.88          0          0          0
      0.89          0          0          0
       0.9          0          0          0
      0.91          0          0          0
      0.92          0          0          0
      0.93          0          0          0
      0.94          0          0          0
      0.95          0          0          0
      0.96          0          0          0
      0.97          0          0          0
      0.98          0          0          0
      0.99          0          0          0
