         0          1   0.289124   0.448559
      0.01   0.972944   0.382411   0.549029
      0.02   0.972944   0.382411   0.549029
      0.03   0.972944   0.382411   0.549029
      0.04   0.972944   0.382411   0.549029
      0.05   0.972944   0.382411   0.549029
      0.06   0.972944   0.382411   0.549029
      0.07   0.972944   0.382411   0.549029
      0.08   0.972944   0.382411   0.549029
      0.09   0.972944   0.382411   0.549029
       0.1   0.972944   0.382411   0.549029
      0.11   0.972944   0.382411   0.549029
      0.12   0.972944   0.382411   0.549029
      0.13   0.972944   0.382456   0.549075
      0.14   0.972944     0.3825   0.549121
      0.15   0.972944   0.382701   0.549328
      0.16   0.972944   0.382902   0.549534
      0.17   0.972944   0.383371   0.550018
      0.18   0.972944   0.383797   0.550456
      0.19   0.972896   0.384855   0.551535
       0.2   0.972896    0.38567   0.552372
      0.21   0.972896   0.388958   0.555736
      0.22   0.972896     0.3933   0.560153
      0.23   0.972896   0.397347   0.564246
      0.24   0.972896    0.40537   0.572288
      0.25    0.97275   0.411612   0.578455
      0.26    0.97018   0.421714   0.587888
      0.27   0.969211    0.43112   0.596782
      0.28   0.967901   0.445071   0.609757
      0.29   0.967126   0.454201   0.618112
       0.3   0.965041   0.471189   0.633209
      0.31   0.963974    0.48927   0.649091
      0.32   0.961356   0.500522   0.658303
      0.33   0.960192   0.522523   0.676762
      0.34   0.959125   0.540726   0.691568
      0.35   0.955974   0.566801   0.711657
      0.36   0.954858   0.584942   0.725467
      0.37   0.951513   0.611318   0.744389
      0.38   0.950349   0.627104   0.755608
      0.39   0.947003   0.646481   0.768404
       0.4   0.943997   0.659647   0.776612
      0.41   0.938082   0.677723   0.786926
      0.42    0.92596   0.689425   0.790375
      0.43   0.915875   0.699658   0.793298
      0.44   0.903268   0.714974   0.798167
      0.45   0.877279   0.721702   0.791922
      0.46   0.856042   0.736056   0.791528
      0.47    0.83941   0.746959   0.790491
      0.48   0.811967   0.773989   0.792523
      0.49   0.796499   0.788465   0.792462
       0.5   0.775262   0.805901   0.790285
      0.51   0.746121   0.828492   0.785152
      0.52   0.731187   0.841744    0.78258
      0.53   0.699573   0.862453   0.772521
      0.54   0.676833   0.871765    0.76203
      0.55   0.627036   0.887561   0.734892
      0.56   0.600611   0.893551   0.718364
      0.57   0.523225   0.899209   0.661527
      0.58   0.470956   0.903397   0.619143
      0.59   0.389061   0.904227   0.544039
       0.6   0.315894   0.903246   0.468084
      0.61   0.256303   0.919679   0.400885
      0.62   0.178627   0.919954   0.299165
      0.63   0.112636   0.924316   0.200802
      0.64  0.0846587   0.948608   0.155445
      0.65  0.0735066     0.9675   0.136632
      0.66  0.0648759   0.980952   0.121703
      0.67  0.0540147   0.977578   0.102373
      0.68  0.0422324          1  0.0810421
      0.69  0.0397595          1  0.0764783
       0.7  0.0319046          1  0.0618363
      0.71  0.0169705          1  0.0333747
      0.72 0.00509116          1  0.0101307
      0.73 0.00169705          1 0.00338835
      0.74          0          0          0
      0.75          0          0          0
      0.76          0          0          0
      0.77          0          0          0
      0.78          0          0          0
      0.79          0          0          0
       0.8          0          0          0
      0.81          0          0          0
      0.82          0          0          0
      0.83          0          0          0
      0.84          0          0          0
      0.85          0          0          0
      0.86          0          0          0
      0.87          0          0          0
      0.88          0          0          0
      0.89          0          0          0
       0.9          0          0          0
      0.91          0          0          0
      0.92          0          0          0
      0.93          0          0          0
      0.94          0          0          0
      0.95          0          0          0
      0.96          0          0          0
      0.97          0          0          0
      0.98          0          0          0
      0.99          0          0          0
