         0          1   0.108911   0.196429
      0.01    0.98404   0.190218    0.31881
      0.02    0.98404   0.190218    0.31881
      0.03    0.98404   0.190218    0.31881
      0.04    0.98404   0.190218    0.31881
      0.05    0.98404   0.190218    0.31881
      0.06    0.98404   0.190218    0.31881
      0.07    0.98404   0.190218    0.31881
      0.08    0.98404   0.190218    0.31881
      0.09    0.98404   0.190218    0.31881
       0.1    0.98404   0.190218    0.31881
      0.11    0.98404   0.190218    0.31881
      0.12    0.98404   0.190218    0.31881
      0.13    0.98404   0.190218    0.31881
      0.14    0.98404   0.190218    0.31881
      0.15    0.98404   0.190218    0.31881
      0.16    0.98404   0.190218    0.31881
      0.17    0.98404   0.190238   0.318838
      0.18    0.98404   0.190249   0.318852
      0.19    0.98404   0.190279   0.318895
       0.2    0.98404   0.190309   0.318937
      0.21    0.98404   0.190431   0.319108
      0.22    0.98404   0.190755   0.319563
      0.23    0.98404    0.19099   0.319892
      0.24    0.98404    0.19157   0.320706
      0.25    0.98404   0.192041   0.321365
      0.26    0.98404   0.193233   0.323033
      0.27   0.983906   0.193955   0.324033
      0.28   0.983906    0.19558   0.326298
      0.29   0.983637   0.197195   0.328528
       0.3   0.983637   0.200709    0.33339
      0.31   0.982967   0.203561   0.337275
      0.32   0.982028   0.204649   0.338712
      0.33   0.980553   0.207444   0.342442
      0.34   0.977736   0.207476   0.342313
      0.35   0.969152   0.208632    0.34335
      0.36   0.963251   0.209378   0.343985
      0.37     0.9489   0.213684   0.348817
      0.38   0.925832   0.215002   0.348965
      0.39   0.907591   0.217117   0.350408
       0.4   0.879694   0.219775   0.351687
      0.41   0.860649   0.225681   0.357593
      0.42   0.821754   0.227445   0.356279
      0.43   0.776824   0.228442   0.353059
      0.44   0.713251   0.232427   0.350603
      0.45    0.67677   0.232018   0.345565
      0.46   0.635864   0.238797   0.347203
      0.47   0.595628   0.238148   0.340253
      0.48   0.534067   0.239283   0.330492
      0.49   0.501073   0.240447   0.324958
       0.5   0.456009   0.240251     0.3147
      0.51   0.408396   0.236864   0.299831
      0.52   0.374732   0.231666   0.286322
      0.53   0.305392   0.226379   0.260015
      0.54    0.25456   0.228879   0.241037
      0.55   0.179587   0.226935   0.200504
      0.56   0.154506    0.24359   0.189081
      0.57   0.134925    0.27027   0.179993
      0.58   0.101127       0.29    0.14996
      0.59  0.0867758    0.38326   0.141511
       0.6  0.0512339        0.4  0.0908334
      0.61   0.036883    0.37931  0.0672289
      0.62  0.0193133      0.325    0.03646
      0.63 0.00469421   0.210526 0.00918364
      0.64          0          0          0
      0.65          0          0          0
      0.66          0          0          0
      0.67          0          0          0
      0.68          0          0          0
      0.69          0          0          0
       0.7          0          0          0
      0.71          0          0          0
      0.72          0          0          0
      0.73          0          0          0
      0.74          0          0          0
      0.75          0          0          0
      0.76          0          0          0
      0.77          0          0          0
      0.78          0          0          0
      0.79          0          0          0
       0.8          0          0          0
      0.81          0          0          0
      0.82          0          0          0
      0.83          0          0          0
      0.84          0          0          0
      0.85          0          0          0
      0.86          0          0          0
      0.87          0          0          0
      0.88          0          0          0
      0.89          0          0          0
       0.9          0          0          0
      0.91          0          0          0
      0.92          0          0          0
      0.93          0          0          0
      0.94          0          0          0
      0.95          0          0          0
      0.96          0          0          0
      0.97          0          0          0
      0.98          0          0          0
      0.99          0          0          0
