         0          1   0.354609   0.523559
      0.01   0.951298   0.396337    0.55955
      0.02   0.951298   0.396337    0.55955
      0.03   0.951298   0.396337    0.55955
      0.04   0.951298   0.396337    0.55955
      0.05   0.951298   0.396337    0.55955
      0.06   0.951298   0.396337    0.55955
      0.07   0.951298   0.396337    0.55955
      0.08   0.951298   0.396337    0.55955
      0.09   0.951298   0.396337    0.55955
       0.1   0.951298   0.396337    0.55955
      0.11   0.951298   0.396337    0.55955
      0.12   0.951298   0.396337    0.55955
      0.13   0.951298   0.396337    0.55955
      0.14   0.951298   0.396337    0.55955
      0.15   0.951298   0.396337    0.55955
      0.16   0.951298   0.396337    0.55955
      0.17   0.951298   0.396467    0.55968
      0.18   0.951298   0.396467    0.55968
      0.19   0.951298   0.396617   0.559829
       0.2   0.951298   0.396803   0.560014
      0.21   0.951298   0.397026   0.560237
      0.22   0.951258    0.39783   0.561029
      0.23   0.951258   0.398469   0.561664
      0.24   0.951258   0.400342   0.563523
      0.25   0.951258   0.401833   0.564998
      0.26   0.951137   0.404711   0.567816
      0.27   0.951057   0.407487   0.570527
      0.28   0.951016   0.411953   0.574883
      0.29   0.950976    0.41611   0.578911
       0.3   0.950775   0.422917   0.585428
      0.31   0.950171   0.431262   0.593258
      0.32    0.95005   0.438319   0.599877
      0.33   0.949849   0.449948   0.610635
      0.34   0.949366   0.457317   0.617284
      0.35   0.949044   0.469195   0.627943
      0.36   0.947917   0.478001   0.635528
      0.37   0.944657   0.490546   0.645759
      0.38   0.942121   0.498725   0.652199
      0.39   0.934514   0.511834   0.661412
       0.4   0.930087    0.52085   0.667756
      0.41   0.924854   0.534468   0.677445
      0.42   0.915999   0.550026   0.687333
      0.43   0.907909   0.560702   0.693262
      0.44   0.899738   0.580136   0.705425
      0.45    0.89515   0.592083   0.712737
      0.46   0.887181   0.607084   0.720881
      0.47   0.877158   0.613155   0.721773
      0.48   0.852365   0.622724   0.719669
      0.49   0.841699   0.631485   0.721593
       0.5   0.827007   0.643931   0.724076
      0.51   0.810505   0.653786   0.723759
      0.52   0.796539   0.662347   0.723271
      0.53   0.769129   0.674324   0.718613
      0.54   0.750574   0.681973   0.714631
      0.55   0.718052   0.686305   0.701819
      0.56   0.695472   0.689805   0.692627
      0.57    0.66283   0.693373   0.677757
      0.58   0.631797   0.693141   0.661049
      0.59   0.587362   0.691079   0.635013
       0.6   0.542604    0.68381   0.605078
      0.61   0.483196   0.679847   0.564896
      0.62   0.421212   0.672195   0.517898
      0.63   0.375287   0.664487   0.479668
      0.64   0.325619   0.656922   0.435414
      0.65   0.299859   0.646265   0.409647
      0.66   0.260415   0.641885   0.370512
      0.67   0.238157    0.63439   0.346306
      0.68   0.202978   0.639797   0.308184
      0.69   0.177903   0.634296   0.277871
       0.7   0.137855   0.601423   0.224297
      0.71  0.0906017   0.536627   0.155029
      0.72  0.0642785   0.484375   0.113496
      0.73  0.0345341   0.417582  0.0637926
      0.74  0.0248742   0.414894  0.0469346
      0.75 0.00780841   0.255814  0.0151543
      0.76 0.00515194   0.351351   0.010155
      0.77 0.00273697   0.777778 0.00545474
      0.78          0          0          0
      0.79          0          0          0
       0.8          0          0          0
      0.81          0          0          0
      0.82          0          0          0
      0.83          0          0          0
      0.84          0          0          0
      0.85          0          0          0
      0.86          0          0          0
      0.87          0          0          0
      0.88          0          0          0
      0.89          0          0          0
       0.9          0          0          0
      0.91          0          0          0
      0.92          0          0          0
      0.93          0          0          0
      0.94          0          0          0
      0.95          0          0          0
      0.96          0          0          0
      0.97          0          0          0
      0.98          0          0          0
      0.99          0          0          0
