         0          1   0.308236   0.471224
      0.01   0.892203    0.44964   0.597939
      0.02   0.892203    0.44964   0.597939
      0.03   0.892203    0.44964   0.597939
      0.04   0.892203    0.44964   0.597939
      0.05   0.892203    0.44964   0.597939
      0.06   0.892203    0.44964   0.597939
      0.07   0.892203    0.44964   0.597939
      0.08   0.892203    0.44964   0.597939
      0.09   0.892203    0.44964   0.597939
       0.1   0.892203    0.44964   0.597939
      0.11   0.892203    0.44964   0.597939
      0.12   0.892203    0.44964   0.597939
      0.13   0.892203    0.44964   0.597939
      0.14   0.892203    0.44964   0.597939
      0.15   0.892203    0.44964   0.597939
      0.16   0.892203   0.449666   0.597962
      0.17   0.892203   0.449666   0.597962
      0.18   0.892203   0.449666   0.597962
      0.19   0.892203   0.449718   0.598008
       0.2   0.892203   0.449899   0.598168
      0.21   0.892203   0.450075   0.598324
      0.22   0.892203    0.45037   0.598584
      0.23   0.891952   0.450694   0.598814
      0.24     0.8917   0.451658   0.599607
      0.25   0.891247   0.452644   0.600373
      0.26   0.891197    0.45405   0.601597
      0.27   0.890744    0.45552   0.602782
      0.28   0.890744   0.457303   0.604341
      0.29   0.890694   0.458393   0.605281
       0.3   0.890141   0.460636   0.607104
      0.31   0.888732   0.464064   0.609743
      0.32   0.887525   0.466336   0.611414
      0.33   0.886318   0.471457   0.615508
      0.34   0.885362   0.474584   0.617934
      0.35   0.882495   0.480136   0.621911
      0.36   0.880885   0.483869    0.62463
      0.37   0.877616   0.490292   0.629119
      0.38    0.87329   0.494071   0.631095
      0.39   0.863431   0.499174   0.632615
       0.4    0.85327   0.503029   0.632927
      0.41   0.842002   0.513899   0.638253
      0.42   0.826509   0.522016   0.639885
      0.43   0.814588   0.528474   0.641055
      0.44   0.796278   0.538827    0.64273
      0.45   0.785714   0.549109   0.646442
      0.46   0.765191   0.560565   0.647087
      0.47   0.745473   0.566878   0.644023
      0.48   0.717958   0.582004   0.642871
      0.49   0.700704   0.595886   0.644058
       0.5    0.67329   0.615545   0.643124
      0.51   0.651811   0.635529   0.643567
      0.52   0.632294   0.649301   0.640685
      0.53   0.610815   0.676207    0.64185
      0.54   0.585765   0.692474   0.634665
      0.55   0.553974   0.734032   0.631417
      0.56   0.534658    0.75211    0.62501
      0.57   0.496026   0.788889   0.609082
      0.58   0.467404   0.811024   0.593035
      0.59     0.4417   0.858168   0.583218
       0.6   0.425905   0.881084   0.574233
      0.61   0.394316   0.916238    0.55135
      0.62   0.351459   0.946429   0.512572
      0.63   0.322686   0.965553   0.483715
      0.64   0.288229   0.980867   0.445537
      0.65   0.262324   0.982533   0.414091
      0.66   0.207746    0.98004   0.342822
      0.67   0.173742    0.98301   0.295293
      0.68   0.145976   0.982353   0.254181
      0.69   0.135714   0.980132   0.238416
       0.7   0.111318   0.979167   0.199909
      0.71  0.0806841   0.993939   0.149252
      0.72  0.0685111          1   0.128237
      0.73  0.0458753          1   0.087726
      0.74  0.0336519          1  0.0651127
      0.75  0.0108149          1  0.0213984
      0.76 0.00326962          1 0.00651792
      0.77 0.00171026          1 0.00341468
      0.78          0          0          0
      0.79          0          0          0
       0.8          0          0          0
      0.81          0          0          0
      0.82          0          0          0
      0.83          0          0          0
      0.84          0          0          0
      0.85          0          0          0
      0.86          0          0          0
      0.87          0          0          0
      0.88          0          0          0
      0.89          0          0          0
       0.9          0          0          0
      0.91          0          0          0
      0.92          0          0          0
      0.93          0          0          0
      0.94          0          0          0
      0.95          0          0          0
      0.96          0          0          0
      0.97          0          0          0
      0.98          0          0          0
      0.99          0          0          0
