         0          1   0.363236   0.532903
      0.01     0.9721   0.345124   0.509397
      0.02     0.9721   0.345124   0.509397
      0.03     0.9721   0.345124   0.509397
      0.04     0.9721   0.345124   0.509397
      0.05     0.9721   0.345124   0.509397
      0.06     0.9721   0.345124   0.509397
      0.07     0.9721   0.345124   0.509397
      0.08     0.9721   0.345124   0.509397
      0.09     0.9721   0.345124   0.509397
       0.1     0.9721   0.345124   0.509397
      0.11     0.9721   0.345124   0.509397
      0.12     0.9721   0.345143   0.509417
      0.13     0.9721   0.345145    0.50942
      0.14     0.9721   0.345184   0.509463
      0.15     0.9721   0.345266   0.509552
      0.16     0.9721   0.345442   0.509743
      0.17     0.9721   0.345525   0.509834
      0.18     0.9721   0.345928   0.510273
      0.19     0.9721   0.347069   0.511513
       0.2     0.9721   0.348321   0.512871
      0.21     0.9721   0.350689   0.515434
      0.22   0.969474   0.354608   0.519278
      0.23    0.96801   0.357778   0.522456
      0.24   0.963791    0.36438   0.528826
      0.25   0.958107   0.369631   0.533458
      0.26   0.943469    0.38044   0.542233
      0.27   0.928055   0.388146   0.547365
      0.28   0.896409    0.40194   0.555016
      0.29   0.870619   0.412574   0.559845
       0.3   0.828296   0.433571   0.569196
      0.31   0.772539    0.46045   0.576997
      0.32   0.736115   0.480872   0.581727
      0.33   0.665849   0.513967   0.580132
      0.34   0.616335   0.540102   0.575706
      0.35   0.545811    0.58078   0.562753
      0.36   0.505597   0.610377   0.553068
      0.37   0.450271   0.650232   0.532085
      0.38   0.415913   0.675616    0.51487
      0.39   0.377465   0.714373   0.493939
       0.4   0.356971   0.733667   0.480265
      0.41   0.327478   0.762047   0.458096
      0.42   0.299277   0.779315   0.432473
      0.43   0.279687   0.789966   0.413112
      0.44   0.263627   0.813636   0.398225
      0.45   0.251528   0.823899   0.385399
      0.46   0.235383    0.84128   0.367846
      0.47   0.224361   0.852161   0.355202
      0.48   0.211358   0.883871    0.34114
      0.49   0.203866   0.902263   0.332585
       0.5   0.194997   0.907692   0.321028
      0.51   0.184707   0.921596   0.307737
      0.52   0.172006    0.92393   0.290019
      0.53   0.149531   0.929936   0.257635
      0.54     0.1212   0.921348   0.214221
      0.55  0.0649703   0.886364   0.121066
      0.56  0.0378455   0.849057  0.0724612
      0.57  0.0190304   0.836364   0.037214
      0.58  0.0133902   0.871795  0.0263752
      0.59 0.00835271   0.947368  0.0165594
       0.6 0.00331525   0.833333 0.00660423
      0.61          0          0          0
      0.62          0          0          0
      0.63          0          0          0
      0.64          0          0          0
      0.65          0          0          0
      0.66          0          0          0
      0.67          0          0          0
      0.68          0          0          0
      0.69          0          0          0
       0.7          0          0          0
      0.71          0          0          0
      0.72          0          0          0
      0.73          0          0          0
      0.74          0          0          0
      0.75          0          0          0
      0.76          0          0          0
      0.77          0          0          0
      0.78          0          0          0
      0.79          0          0          0
       0.8          0          0          0
      0.81          0          0          0
      0.82          0          0          0
      0.83          0          0          0
      0.84          0          0          0
      0.85          0          0          0
      0.86          0          0          0
      0.87          0          0          0
      0.88          0          0          0
      0.89          0          0          0
       0.9          0          0          0
      0.91          0          0          0
      0.92          0          0          0
      0.93          0          0          0
      0.94          0          0          0
      0.95          0          0          0
      0.96          0          0          0
      0.97          0          0          0
      0.98          0          0          0
      0.99          0          0          0
