         0          1   0.164811   0.282983
      0.01    0.98571   0.177585    0.30095
      0.02    0.98571   0.177585    0.30095
      0.03    0.98571   0.177585    0.30095
      0.04    0.98571   0.177585    0.30095
      0.05    0.98571   0.177585    0.30095
      0.06    0.98571   0.177585    0.30095
      0.07    0.98571   0.177585    0.30095
      0.08    0.98571   0.177585    0.30095
      0.09    0.98571   0.177585    0.30095
       0.1    0.98571   0.177585    0.30095
      0.11    0.98571   0.177585    0.30095
      0.12    0.98571   0.177585    0.30095
      0.13    0.98571   0.177591   0.300959
      0.14    0.98571   0.177597   0.300968
      0.15    0.98571    0.17764   0.301029
      0.16    0.98571   0.177707   0.301126
      0.17    0.98571   0.177881   0.301376
      0.18    0.98571   0.178092   0.301678
      0.19    0.98571   0.178648   0.302476
       0.2    0.98571     0.1792   0.303267
      0.21    0.98571   0.181063    0.30593
      0.22    0.98571   0.183306   0.309126
      0.23    0.98571   0.185676   0.312489
      0.24    0.98571   0.189561   0.317972
      0.25   0.985424   0.192169   0.321619
      0.26   0.984567   0.197319   0.328752
      0.27   0.984186   0.200698   0.333406
      0.28   0.982662   0.206479   0.341253
      0.29   0.980756   0.211151    0.34749
       0.3   0.979232   0.217575   0.356041
      0.31   0.977232   0.225596   0.366569
      0.32   0.974564   0.230615   0.372972
      0.33   0.967133   0.238367   0.382468
      0.34   0.962084   0.243167   0.388213
      0.35   0.953511   0.248629   0.394414
      0.36    0.93703   0.252114   0.397325
      0.37   0.913975   0.258501   0.403016
      0.38    0.91026   0.263334   0.408493
      0.39   0.897971   0.267511   0.412219
       0.4    0.88873   0.272041    0.41657
      0.41   0.869296   0.277778   0.421021
      0.42   0.849481   0.284288   0.426008
      0.43   0.832905   0.288538   0.428599
      0.44   0.814804   0.295412   0.433615
      0.45     0.7847   0.297509   0.431443
      0.46   0.742498   0.303613   0.430991
      0.47   0.700867    0.30535   0.425375
      0.48   0.651901   0.307973   0.418321
      0.49   0.632085   0.307526   0.413752
       0.5   0.549205   0.307487   0.394245
      0.51   0.504335   0.304659   0.379855
      0.52   0.455463   0.299973   0.361716
      0.53   0.380966   0.285077   0.326119
      0.54   0.340097   0.281628   0.308113
      0.55   0.254739   0.273394   0.263738
      0.56    0.21168   0.270992   0.237692
      0.57   0.152806   0.270758   0.195358
      0.58   0.121749   0.274978   0.168773
      0.59  0.0871678   0.266667   0.131388
       0.6  0.0583024   0.253566   0.094806
      0.61  0.0371535    0.21875  0.0635187
      0.62    0.02153   0.162602  0.0380251
      0.63 0.00752596   0.108434   0.014075
      0.64 0.00152425  0.0408163 0.00293875
      0.65 0.00133371  0.0461538 0.00259251
      0.66          0          0          0
      0.67          0          0          0
      0.68          0          0          0
      0.69          0          0          0
       0.7          0          0          0
      0.71          0          0          0
      0.72          0          0          0
      0.73          0          0          0
      0.74          0          0          0
      0.75          0          0          0
      0.76          0          0          0
      0.77          0          0          0
      0.78          0          0          0
      0.79          0          0          0
       0.8          0          0          0
      0.81          0          0          0
      0.82          0          0          0
      0.83          0          0          0
      0.84          0          0          0
      0.85          0          0          0
      0.86          0          0          0
      0.87          0          0          0
      0.88          0          0          0
      0.89          0          0          0
       0.9          0          0          0
      0.91          0          0          0
      0.92          0          0          0
      0.93          0          0          0
      0.94          0          0          0
      0.95          0          0          0
      0.96          0          0          0
      0.97          0          0          0
      0.98          0          0          0
      0.99          0          0          0
