         0          1   0.317058   0.481463
      0.01    0.96828   0.374368   0.539967
      0.02    0.96828   0.374368   0.539967
      0.03    0.96828   0.374368   0.539967
      0.04    0.96828   0.374368   0.539967
      0.05    0.96828   0.374368   0.539967
      0.06    0.96828   0.374368   0.539967
      0.07    0.96828   0.374368   0.539967
      0.08    0.96828   0.374368   0.539967
      0.09    0.96828   0.374368   0.539967
       0.1    0.96828   0.374368   0.539967
      0.11    0.96828   0.374368   0.539967
      0.12    0.96828   0.374368   0.539967
      0.13    0.96828   0.374368   0.539967
      0.14    0.96828   0.374368   0.539967
      0.15    0.96828   0.374385   0.539985
      0.16    0.96828   0.374454   0.540057
      0.17    0.96828   0.374735   0.540349
      0.18    0.96828   0.375081   0.540708
      0.19    0.96828   0.375646   0.541295
       0.2    0.96828   0.376167   0.541836
      0.21    0.96828   0.377534   0.543252
      0.22    0.96828   0.379592    0.54538
      0.23    0.96828   0.381509   0.547356
      0.24    0.96828    0.38494   0.550879
      0.25   0.968231   0.388082    0.55408
      0.26   0.968231   0.393605   0.559687
      0.27   0.968231    0.39789   0.564005
      0.28   0.968231   0.405087   0.571197
      0.29   0.968134   0.410433   0.576474
       0.3   0.967644   0.417527   0.583346
      0.31    0.96691   0.424417   0.589902
      0.32   0.964266     0.4299   0.594675
      0.33   0.962896   0.439204   0.603249
      0.34   0.958441    0.44487    0.60768
      0.35   0.951099   0.454277   0.614871
      0.36   0.944784   0.461628   0.620215
      0.37   0.930099    0.47282   0.626935
      0.38   0.911352   0.479195    0.62812
      0.39   0.888198   0.491916   0.633163
       0.4   0.873024   0.502217    0.63763
      0.41    0.83308   0.513866   0.635648
      0.42   0.793774   0.526095   0.632791
      0.43   0.765676   0.536931   0.631219
      0.44   0.730579   0.558577   0.633103
      0.45    0.70537   0.572198   0.631843
      0.46   0.657497   0.584674   0.618951
      0.47   0.629301   0.601256   0.614959
      0.48   0.588281   0.616268    0.60195
      0.49   0.557688   0.631565   0.592332
       0.5   0.524206   0.645952   0.578745
      0.51   0.475501   0.655726   0.551257
      0.52   0.440403   0.663823   0.529511
      0.53   0.386901   0.668733   0.490195
      0.54   0.370552   0.675585   0.478597
      0.55   0.327378   0.680713   0.442123
      0.56   0.304078   0.680491    0.42033
      0.57   0.265799   0.676994   0.381726
      0.58   0.246072   0.680316   0.361418
      0.59   0.224436   0.682947   0.337846
       0.6   0.209212   0.722484   0.324467
      0.61   0.185472   0.743702     0.2969
      0.62   0.166577   0.771838   0.274016
      0.63   0.158696    0.80146   0.264933
      0.64   0.147291   0.809359   0.249226
      0.65    0.13192   0.800813   0.226525
      0.66  0.0932498   0.847826    0.16802
      0.67  0.0725929   0.866667   0.133965
      0.68  0.0608938   0.873016   0.113847
      0.69  0.0529639   0.898734   0.100033
       0.7  0.0409222   0.939655  0.0784288
      0.71  0.0292721          1  0.0568793
      0.72  0.0226149          1  0.0442296
      0.73  0.0162025          1  0.0318882
      0.74          0          0          0
      0.75          0          0          0
      0.76          0          0          0
      0.77          0          0          0
      0.78          0          0          0
      0.79          0          0          0
       0.8          0          0          0
      0.81          0          0          0
      0.82          0          0          0
      0.83          0          0          0
      0.84          0          0          0
      0.85          0          0          0
      0.86          0          0          0
      0.87          0          0          0
      0.88          0          0          0
      0.89          0          0          0
       0.9          0          0          0
      0.91          0          0          0
      0.92          0          0          0
      0.93          0          0          0
      0.94          0          0          0
      0.95          0          0          0
      0.96          0          0          0
      0.97          0          0          0
      0.98          0          0          0
      0.99          0          0          0
