         0          1    0.28722   0.446264
      0.01   0.884119   0.377088   0.528685
      0.02   0.884119   0.377088   0.528685
      0.03   0.884119   0.377088   0.528685
      0.04   0.884119   0.377088   0.528685
      0.05   0.884119   0.377088   0.528685
      0.06   0.884119   0.377088   0.528685
      0.07   0.884119   0.377088   0.528685
      0.08   0.884119   0.377088   0.528685
      0.09   0.884119   0.377088   0.528685
       0.1   0.884119   0.377088   0.528685
      0.11   0.884119   0.377088   0.528685
      0.12   0.884119   0.377088   0.528685
      0.13   0.884119   0.377088   0.528685
      0.14   0.884119   0.377088   0.528685
      0.15   0.884119   0.377174   0.528769
      0.16   0.884119   0.377103     0.5287
      0.17   0.884119   0.377161   0.528756
      0.18   0.884119   0.377553   0.529142
      0.19   0.884119   0.377896   0.529479
       0.2   0.884119   0.378215   0.529792
      0.21   0.884017   0.379224   0.530762
      0.22   0.883608   0.380529   0.531966
      0.23   0.882842   0.381517   0.532791
      0.24   0.881668    0.38491   0.535874
      0.25   0.880698   0.388464   0.539126
      0.26    0.87881   0.392625   0.542761
      0.27   0.876614   0.395239    0.54483
      0.28   0.873194   0.400966   0.549572
      0.29   0.866915   0.404856   0.551948
       0.3   0.856603   0.410145   0.554698
      0.31   0.847414   0.417843   0.559706
      0.32   0.842565   0.423757   0.563905
      0.33   0.828016   0.430724   0.566672
      0.34   0.817398    0.43603   0.568696
      0.35   0.803104   0.445514   0.573104
      0.36   0.793353   0.450301   0.574513
      0.37   0.775435   0.457657   0.575599
      0.38      0.764   0.463847   0.577236
      0.39   0.748277   0.471692   0.578632
       0.4   0.735464   0.476103   0.578023
      0.41   0.719128   0.483851   0.578482
      0.42    0.70024   0.488991   0.575853
      0.43   0.685742   0.493075   0.573664
      0.44   0.662974   0.497583   0.568494
      0.45   0.641687    0.49944   0.561697
      0.46   0.610189   0.503382   0.551664
      0.47    0.59319   0.502495   0.544089
      0.48   0.545102   0.494929   0.518805
      0.49   0.502323   0.483076   0.492511
       0.5   0.464597    0.47534   0.469907
      0.51   0.415233   0.468013   0.440046
      0.52   0.389249   0.466481    0.42438
      0.53   0.351626   0.459401   0.398352
      0.54    0.32263   0.452876   0.376816
      0.55   0.263362   0.438053   0.328954
      0.56   0.223135   0.434709   0.294899
      0.57   0.183113   0.438536    0.25835
      0.58   0.159018   0.450039      0.235
      0.59   0.131656   0.478974    0.20654
       0.6   0.116137   0.527778    0.19038
      0.61  0.0975037   0.603704   0.167891
      0.62  0.0664659   0.807087   0.122817
      0.63   0.047833    0.89313  0.0908028
      0.64  0.0164888          1  0.0324427
      0.65 0.00357343          1 0.00712142
      0.66          0          0          0
      0.67          0          0          0
      0.68          0          0          0
      0.69          0          0          0
       0.7          0          0          0
      0.71          0          0          0
      0.72          0          0          0
      0.73          0          0          0
      0.74          0          0          0
      0.75          0          0          0
      0.76          0          0          0
      0.77          0          0          0
      0.78          0          0          0
      0.79          0          0          0
       0.8          0          0          0
      0.81          0          0          0
      0.82          0          0          0
      0.83          0          0          0
      0.84          0          0          0
      0.85          0          0          0
      0.86          0          0          0
      0.87          0          0          0
      0.88          0          0          0
      0.89          0          0          0
       0.9          0          0          0
      0.91          0          0          0
      0.92          0          0          0
      0.93          0          0          0
      0.94          0          0          0
      0.95          0          0          0
      0.96          0          0          0
      0.97          0          0          0
      0.98          0          0          0
      0.99          0          0          0
