         0          1   0.273534   0.429567
      0.01   0.979184   0.368114   0.535073
      0.02   0.979184   0.368114   0.535073
      0.03   0.979184   0.368114   0.535073
      0.04   0.979184   0.368114   0.535073
      0.05   0.979184   0.368114   0.535073
      0.06   0.979184   0.368114   0.535073
      0.07   0.979184   0.368114   0.535073
      0.08   0.979184   0.368114   0.535073
      0.09   0.979184   0.368114   0.535073
       0.1   0.979184   0.368114   0.535073
      0.11   0.979184   0.368114   0.535073
      0.12   0.979184   0.368114   0.535073
      0.13   0.979184   0.368114   0.535073
      0.14   0.979184   0.368114   0.535073
      0.15   0.979184   0.368156   0.535117
      0.16   0.979184   0.368156   0.535117
      0.17   0.979184   0.368174   0.535136
      0.18   0.979184   0.368257   0.535224
      0.19   0.978845   0.368484   0.535413
       0.2   0.978845   0.368977   0.535933
      0.21   0.978845   0.369883   0.536889
      0.22   0.978797   0.371231   0.538299
      0.23   0.978167   0.372485   0.539521
      0.24   0.977828   0.374442   0.541519
      0.25   0.977828   0.376359    0.54352
      0.26   0.976909   0.379447    0.54659
      0.27   0.976328   0.381979    0.54912
      0.28   0.975456   0.385632   0.552745
      0.29   0.974827   0.388698   0.555785
       0.3   0.973762    0.39321   0.560206
      0.31   0.972697   0.397644   0.564513
      0.32   0.971099   0.401372   0.567985
      0.33    0.96592   0.409937   0.575592
      0.34   0.962725   0.414804   0.579795
      0.35   0.956576   0.422429   0.586054
      0.36   0.952365   0.427318   0.589937
      0.37    0.94704   0.436119   0.597215
      0.38   0.943215    0.44296    0.60282
      0.39    0.93789   0.454462   0.612252
       0.4   0.934453   0.463321   0.619488
      0.41   0.924578   0.480189   0.632093
      0.42   0.909087   0.494195   0.640307
      0.43   0.901825   0.505692   0.648014
      0.44   0.883913   0.520975   0.655564
      0.45     0.8691   0.531728   0.659788
      0.46   0.829646   0.541388   0.655214
      0.47   0.801326   0.547305   0.650393
      0.48   0.750303   0.556222   0.638847
      0.49   0.705136   0.560876   0.624787
       0.5   0.658082   0.577404   0.615109
      0.51   0.620226   0.597506   0.608654
      0.52   0.601443   0.616258    0.60876
      0.53   0.555841   0.642199   0.595907
      0.54   0.518565     0.6611   0.581221
      0.55    0.44992   0.694791   0.546165
      0.56   0.397105   0.721159   0.512179
      0.57   0.360943   0.784302   0.494372
      0.58   0.349567   0.836434   0.493068
      0.59   0.329138   0.901543   0.482224
       0.6   0.324055   0.935055   0.481307
      0.61    0.30837   0.968457   0.467789
      0.62   0.285182   0.986916   0.442498
      0.63   0.271579   0.997044   0.426882
      0.64   0.254732   0.998913   0.405945
      0.65    0.24626   0.998829   0.395107
      0.66   0.216004          1   0.355269
      0.67   0.167498          1   0.286935
      0.68   0.108196          1   0.195265
      0.69  0.0874764          1    0.16088
       0.7  0.0700489          1   0.130927
      0.71  0.0487002          1  0.0928773
      0.72  0.0191703          1  0.0376193
      0.73          0          0          0
      0.74          0          0          0
      0.75          0          0          0
      0.76          0          0          0
      0.77          0          0          0
      0.78          0          0          0
      0.79          0          0          0
       0.8          0          0          0
      0.81          0          0          0
      0.82          0          0          0
      0.83          0          0          0
      0.84          0          0          0
      0.85          0          0          0
      0.86          0          0          0
      0.87          0          0          0
      0.88          0          0          0
      0.89          0          0          0
       0.9          0          0          0
      0.91          0          0          0
      0.92          0          0          0
      0.93          0          0          0
      0.94          0          0          0
      0.95          0          0          0
      0.96          0          0          0
      0.97          0          0          0
      0.98          0          0          0
      0.99          0          0          0
