         0          1   0.279386    0.43675
      0.01   0.938367   0.349379   0.509177
      0.02   0.938367   0.349379   0.509177
      0.03   0.938367   0.349379   0.509177
      0.04   0.938367   0.349379   0.509177
      0.05   0.938367   0.349379   0.509177
      0.06   0.938367   0.349379   0.509177
      0.07   0.938367   0.349379   0.509177
      0.08   0.938367   0.349379   0.509177
      0.09   0.938367   0.349379   0.509177
       0.1   0.938367    0.34938   0.509179
      0.11   0.938367   0.349382   0.509181
      0.12   0.938367    0.34939   0.509189
      0.13   0.938367     0.3494     0.5092
      0.14   0.938367   0.349437   0.509239
      0.15   0.938367   0.349518   0.509326
      0.16   0.938367   0.349612   0.509426
      0.17   0.938363   0.349848   0.509675
      0.18   0.938357   0.350106   0.509948
      0.19    0.93828   0.350681   0.510547
       0.2   0.938225    0.35127   0.511161
      0.21   0.938126   0.352648   0.512604
      0.22   0.937825   0.354563   0.514579
      0.23   0.937619   0.356308   0.516383
      0.24    0.93699   0.359635   0.519772
      0.25   0.936491   0.362362   0.522536
      0.26   0.935172   0.367329   0.527471
      0.27   0.934021   0.371164   0.531228
      0.28   0.931802   0.377887    0.53771
      0.29   0.930159    0.38303   0.542616
       0.3   0.926869   0.391719   0.550699
      0.31   0.922201   0.401673   0.559605
      0.32   0.918885    0.40879   0.565848
      0.33   0.911807   0.420454   0.575522
      0.34     0.9062   0.428807   0.582147
      0.35   0.896406   0.441864   0.591943
      0.36   0.888569   0.450951   0.598276
      0.37   0.875021    0.46519   0.607443
      0.38   0.864867   0.474532   0.612823
      0.39   0.846562   0.489109   0.620005
       0.4   0.833979   0.498859   0.624289
      0.41   0.813101   0.514055   0.629886
      0.42   0.787984   0.528666   0.632789
      0.43   0.768965   0.538723   0.633575
      0.44   0.739002   0.552723   0.632431
      0.45   0.717614   0.561832   0.630239
      0.46   0.683196   0.574926   0.624402
      0.47   0.660341   0.583624   0.619617
      0.48   0.622598   0.595832   0.608921
      0.49    0.59651   0.604505   0.600481
       0.5   0.558136    0.61817   0.586621
      0.51   0.521122   0.632837   0.571572
      0.52   0.495371   0.643631   0.559852
      0.53   0.454277   0.659704   0.538049
      0.54   0.427737   0.670678   0.522341
      0.55   0.385557   0.687007   0.493919
      0.56   0.358466   0.698019   0.473676
      0.57   0.321325   0.713075   0.443018
      0.58   0.298201   0.724118   0.422437
      0.59   0.266614   0.739159   0.391878
       0.6   0.244969   0.749335   0.369231
      0.61   0.216405   0.762889   0.337167
      0.62    0.18806   0.774577   0.302641
      0.63   0.169415   0.782779   0.278546
      0.64   0.144102   0.789887   0.243738
      0.65   0.126256   0.789508   0.217699
      0.66   0.101221   0.786718   0.179364
      0.67  0.0848292    0.77919   0.153001
      0.68  0.0626262     0.7676   0.115804
      0.69  0.0509476   0.756098  0.0954627
       0.7  0.0356442   0.730945  0.0679737
      0.71   0.020173   0.667361  0.0391622
      0.72  0.0126947   0.600928  0.0248641
      0.73 0.00648769   0.511127  0.0128128
      0.74 0.00418919   0.466119 0.00830374
      0.75 0.00183474   0.371849 0.00365146
      0.76 0.000925506   0.333333 0.00184589
      0.77 0.000212561   0.362319 0.000424873
      0.78 1.01704e-05       0.25  2.034e-05
      0.79          0          0          0
       0.8          0          0          0
      0.81          0          0          0
      0.82          0          0          0
      0.83          0          0          0
      0.84          0          0          0
      0.85          0          0          0
      0.86          0          0          0
      0.87          0          0          0
      0.88          0          0          0
      0.89          0          0          0
       0.9          0          0          0
      0.91          0          0          0
      0.92          0          0          0
      0.93          0          0          0
      0.94          0          0          0
      0.95          0          0          0
      0.96          0          0          0
      0.97          0          0          0
      0.98          0          0          0
      0.99          0          0          0
