    119082       0.42   0.963099   0.609651   0.746659
     58060       0.46   0.686826   0.753541   0.718638
     42049        0.5   0.873913   0.938303   0.904964
     24077       0.53   0.774437   0.682149   0.725369
     78004       0.44   0.903268   0.714974   0.798167
     45096    0.41697   0.853291   0.785357   0.817916
     38092       0.48   0.787029   0.837704   0.811576
     43074       0.38   0.743938   0.664343   0.701891
     16077   0.433333   0.718732    0.47881   0.574737
     86000       0.46   0.765191   0.560565   0.647087
    101085       0.45    0.91741   0.577842   0.709068
     89072       0.39   0.748277   0.471692   0.578632
    126007       0.43   0.904098   0.684805   0.779319
     76053       0.41   0.692599   0.562305   0.620688
     86016    0.32303   0.714822   0.490901   0.582068
    103070       0.39   0.780968   0.525529   0.628278
      8023       0.41   0.860649   0.225681   0.357593
     41033       0.44   0.805651   0.625389   0.704166
    109053       0.43    0.70371   0.542156   0.612458
    130026       0.54   0.399612   0.584082   0.474551
    108082       0.41   0.773223   0.210709   0.331172
     69040          0          1   0.319512   0.484288
     14037       0.43   0.789585     0.6174   0.692957
     54082       0.34   0.860869   0.686184   0.763664
     62096       0.56   0.889206    0.90228   0.895695
     12084        0.3   0.960107   0.312136   0.471111
     69015       0.43   0.875067   0.736852   0.800034
     97033       0.45     0.8691   0.531728   0.659788
     19021       0.41   0.825334    0.71437   0.765854
     86068       0.44   0.814804   0.295412   0.433615
      3096       0.36   0.766783   0.776668   0.771694
     41069       0.44   0.734045   0.656477   0.693097
     21077       0.43   0.892281   0.619481   0.731267
    108070          0          1   0.230724    0.37494
    123074       0.43   0.760007   0.220355   0.341652
     38082       0.36   0.886283   0.517971   0.653826
     33039   0.513939   0.675206   0.492422   0.569507
    108005       0.41   0.822297    0.46326   0.592642
    106024       0.45    0.64905   0.896612   0.753006
    102061       0.52   0.532245   0.600353   0.564251
     37073       0.25    0.95087   0.819387   0.880246
     65033   0.449697   0.779426   0.768059   0.773701
     55073   0.408081   0.743142   0.574887   0.648275
     66053       0.45   0.734712   0.679215   0.705875
     85048        0.5   0.827007   0.643931   0.724076
     42012       0.36   0.805334   0.517994   0.630468
     87046        0.4   0.873024   0.502217    0.63763
    105025       0.47     0.6933   0.464062   0.555978
    101087       0.42   0.871139   0.833013   0.851649
     69020       0.44   0.867551   0.573784    0.69073
